6	216	2	0.500000	100.000000
#en_sp_dens	en_g_dens	ene_density	susceptib	G_pm_tilde	mu2

-4.3025930536572	1.0417923838978	-3.2608006697594	31.6861855976463	1.2293240487215	0.1466953036928
-4.2234560310140	0.9127992664569	-3.3106567645571	28.2812009259658	1.0678766790041	0.1309314857684
-4.4359956427597	0.9918738009794	-3.4441218417803	31.8540062943372	2.1256547326808	0.1474722513627
-4.3364593637091	1.0653538640825	-3.2711054996266	33.3693007360776	0.9687998764907	0.1544875034078
-4.3580238407151	0.9200334252825	-3.4379904154326	27.9736303568898	0.9187314258804	0.1295075479486
-4.1984231723484	1.1201853534223	-3.0782378189261	32.4415968621454	0.7900109267587	0.1501925780655
-4.1766579649433	1.0778865124394	-3.0987714525039	23.1737250737559	1.3073177453087	0.1072857642304
-4.2994039208327	0.9966749423028	-3.3027289785300	30.5022267412359	0.4519247405819	0.1412140126909
-4.4973605566915	1.1351127173195	-3.3622478393721	34.8173124163821	1.5562582795237	0.1611912611870
-4.3079656169398	1.0713311206859	-3.2366344962539	34.0887694510973	0.9257946350805	0.1578183770884
-4.4478751542671	1.0703090007484	-3.3775661535186	34.8399789567045	1.2311603539239	0.1612961988736
-4.6040927529738	1.1214695698445	-3.4826231831293	45.2428160509427	0.5011255344108	0.2094574817173
-4.3493800119768	1.0131077292405	-3.3362722827364	34.7405258404669	0.4902518659500	0.1608357677799
-4.3474604820282	1.0149287334701	-3.3325317485581	27.8756628417506	1.3667362829900	0.1290539946377
-4.4891749288008	0.9460432230479	-3.5431317057530	36.7508897739898	0.7326953685767	0.1701430082129
-4.4728459417207	0.9470856256439	-3.5257603160768	42.3909968645125	1.2982050923212	0.1962546151135
-4.3252400524646	1.1070769243601	-3.2181631281045	33.9280450315795	0.6944913404399	0.1570742825536
-4.4500699466263	1.1590231888874	-3.2910467577389	37.4733179582217	0.4986832024191	0.1734875831399
-4.4505660959015	0.9110226297990	-3.5395434661025	31.6923489190428	0.4463321103846	0.1467238375882
-4.4897385236056	0.9602338235650	-3.5295047000406	39.4999972094994	0.7691118304426	0.1828703574514
-4.3216362818391	1.0838122327708	-3.2378240490683	31.5018528246530	1.1970824956832	0.1458419112252
-4.4484337105626	1.0352922571783	-3.4131414533843	36.9156649582309	0.2699997691135	0.1709058562881
-4.4219718331554	0.8817719583199	-3.5401998748355	34.4569411107097	0.6152488128070	0.1595228755125
-4.4766281800914	0.9152256515238	-3.5614025285676	39.4074189172277	0.7481372049524	0.1824417542464
-4.4918596061187	0.9800607409086	-3.5117988652101	40.0344177595048	2.1014651189822	0.1853445266644
-4.5229758621229	1.0477941196611	-3.4751817424619	39.9314224239768	2.1899100260531	0.1848676964073
-4.4402836576762	1.0492971589260	-3.3909864987502	35.0382623896422	0.4915485070610	0.1622141777298
-4.3246964846358	1.0189476940492	-3.3057487905865	28.2624182307900	2.0036020206942	0.1308445288462
-4.3722451338909	0.9292194691962	-3.4430256646948	33.8782108332131	0.5148927870617	0.1568435686723
-4.4391165630674	0.9808060464172	-3.4583105166502	36.0771517951213	1.3416510079880	0.1670238509033
-4.4424236111806	0.9223282306613	-3.5200953805193	36.0672369061529	1.5877854037505	0.1669779486396
-4.5060878241532	1.0441337177556	-3.4619541063976	36.9541413717291	0.9095211226407	0.1710839878321
-4.5109550471384	1.0498600579213	-3.4610949892171	43.1802686453867	1.0728894943482	0.1999086511360
-4.4935863518177	1.0188169461764	-3.4747694056413	35.3558222065730	0.2382605088844	0.1636843620675
-4.4439569370388	1.0457310980597	-3.3982258389791	37.6379242999128	0.3344778921098	0.1742496495366
-4.4350850043386	0.8681859515634	-3.5668990527751	32.5012564015421	0.9711334690766	0.1504687796368
-4.3575229589785	1.0484370531156	-3.3090859058629	28.9631524781075	1.6842020526030	0.1340886688801
-4.4294594953261	0.9787587072643	-3.4507007880618	30.4750675236266	1.5567730608356	0.1410882755723
-4.5422950262131	0.9115587147802	-3.6307363114329	40.8628851749037	0.6975478768148	0.1891800239579
-4.5091012987054	0.9812688970505	-3.5278324016548	38.0218478364439	1.5521914183690	0.1760270733169
-4.2512446009975	1.0057424114331	-3.2455021895644	34.6422448753250	0.7406534275856	0.1603807633117
-4.4535204406331	0.9561291448063	-3.4973912958268	35.5063985912548	0.6668883881703	0.1643814749595
-4.4056231443976	1.0376614435766	-3.3679617008210	35.5460593289257	0.6221834218815	0.1645650894858
-4.2772958202128	0.9895782321808	-3.2877175880320	24.4279377605420	0.6462606452565	0.1130923044470
-4.2455913937987	1.0207978842298	-3.2247935095689	20.7447133556839	1.4862737505670	0.0960403396096
-4.3556312774320	0.9919332465966	-3.3636980308354	30.0679779975563	0.5347027308705	0.1392036018405
-4.4713960533748	1.0094734172764	-3.4619226360984	32.9941042832146	0.3242308113565	0.1527504827927
-4.2509902773089	1.0111182920323	-3.2398719852765	31.0735115418169	0.4577104266399	0.1438588497306
-4.4170079800144	1.0191677136097	-3.3978402664048	41.6188052446729	0.5269799070210	0.1926796539105
-4.4196382413211	0.9622395938451	-3.4573986474759	34.5402612069573	0.8694244005062	0.1599086166989
-4.3723207277582	0.9728059679914	-3.3995147597668	35.1708648875685	0.3682767918292	0.1628280781832
-4.3650469870719	1.0664473935325	-3.2985995935394	33.7485455346645	0.7835873173524	0.1562432663642
-4.5508146761518	1.0332797174085	-3.5175349587433	38.8204218911550	0.4444107642631	0.1797241754220
-4.3915890180943	1.1039473785609	-3.2876416395335	33.3794275152266	0.2158419340538	0.1545343866446
-4.3336831998358	1.0871970606062	-3.2464861392296	34.0982149927854	1.5298654345310	0.1578621064481
-4.4471439550405	1.0848312335547	-3.3623127214858	34.6546325963593	0.4331213905411	0.1604381138720
-4.3240243267366	0.8921252187365	-3.4318991080001	32.4560256504480	0.8792112449204	0.1502593780113
-4.4301381216915	0.9932443215546	-3.4368938001369	38.0694456030999	0.5228104916969	0.1762474333477
-4.2833634312386	0.8876519709094	-3.3957114603293	29.4645910928193	0.7269072020099	0.1364101439482
-4.4127056811742	1.0194118860369	-3.3932937951373	29.9946996957714	1.2462300879063	0.1388643504434
-4.3517823158239	1.0048950895177	-3.3468872263062	32.1044271019614	0.2708090783749	0.1486316069535
-4.4643144173063	0.8557229435097	-3.6085914737967	35.6344292866465	1.0778522605670	0.1649742096604
-4.4427665180166	0.9984757779525	-3.4442907400641	40.6506267146004	0.8475551487646	0.1881973459009
-4.5267281567587	0.9294318880372	-3.5972962687216	37.6884004098062	1.0313392670299	0.1744833352306
-4.3864429141607	0.8152811455421	-3.5711617686186	31.8086950962730	0.7973601136141	0.1472624772976
-4.3038575012127	0.8548648103636	-3.4489926908492	24.1926336178572	1.5210334980242	0.1120029334160
-4.4967583402940	0.9933348628189	-3.5034234774751	40.9998091017031	0.3238461023374	0.1898139310264
-4.6250678473992	0.9063327019115	-3.7187351454876	42.6168033579308	1.3756385769146	0.1973000155460
-4.5252147354488	0.9681314926448	-3.5570832428039	38.2765206768070	0.8298975662861	0.1772061142445
-4.4698881265126	0.9591339895637	-3.5107541369488	38.4351841505466	1.1389793843674	0.1779406673636
-4.5069331910932	0.9682995690987	-3.5386336219946	39.4269704633617	0.9063997489077	0.1825322706637
-4.4388337150605	1.0343165115402	-3.4045172035202	35.4933327141313	0.6396640772548	0.1643209847876
-4.2651636580049	1.0633968970686	-3.2017667609363	29.0680697794857	1.5570785467401	0.1345743971272
-4.3935151357283	1.0748579153028	-3.3186572204254	31.8905094720105	0.5588001511005	0.1476412475556
-4.1655068839104	0.9557040282380	-3.2098028556724	33.0747445622341	0.4781019421242	0.1531238174178
-4.4745201982901	1.0047840145594	-3.4697361837307	38.1133142574983	1.1221276158156	0.1764505289699
-4.5566868250544	1.0652239641664	-3.4914628608880	38.0982077592910	0.1779711638062	0.1763805914782
-4.4597263567548	1.0071955671347	-3.4525307896201	38.5594330668439	0.2970843060827	0.1785158938280
-4.3629403066616	1.0261462041532	-3.3367941025084	33.4674342752384	0.7006749300710	0.1549418253483
-4.3655407151344	0.9630272280667	-3.4025134870677	35.4776204995974	1.0952846545682	0.1642482430537
-4.5292763301921	0.9671058452160	-3.5621704849761	40.9408439149297	0.8095022866331	0.1895409440506
-4.4576317159587	1.0543942591426	-3.4032374568161	37.1036471235975	1.1294639178811	0.1717761440907
-4.4109528370176	0.9948019333590	-3.4161509036586	39.0162099976521	0.4734039064379	0.1806306018410
-4.4317899923264	0.9276425950346	-3.5041473972919	36.0343390945664	0.6569671731458	0.1668256439563
-4.2569283137083	0.9871545621353	-3.2697737515730	33.2557517742585	1.1608536654520	0.1539618137697
-4.2248007046270	0.9935117267115	-3.2312889779155	33.5622823754610	0.8452983052155	0.1553809369234
-4.3000269801144	1.1204357260574	-3.1795912540570	34.7612205486235	0.6770348125714	0.1609315766140
-4.4009853914054	1.0412003640295	-3.3597850273759	29.1296765050081	0.8101345051558	0.1348596134491
-4.3218642906446	1.0283994751962	-3.2934648154484	23.0187226226565	0.2939553726638	0.1065681602901
-4.3303501845659	1.0297192808421	-3.3006309037238	32.8402372144839	0.1174036382008	0.1520381352522
-4.3806160568563	1.0453445285350	-3.3352715283213	38.4789452458534	1.7924826049314	0.1781432650271
-4.4476430417564	1.0250912893829	-3.4225517523735	35.2481083336899	2.0779402416405	0.1631856867300
-4.5090115244123	0.9960656291635	-3.5129458952488	37.2696318564252	0.5496872691779	0.1725445919279
-4.3512485475970	0.9566001225576	-3.3946484250394	32.8113930025346	0.7656596253866	0.1519045972340
-4.3480390003914	1.0183094788630	-3.3297295215284	30.3357819453184	1.2001242752249	0.1404434349320
-4.5841662557491	1.1062716608921	-3.4778945948570	43.0104838983003	0.7875666372029	0.1991226106403
-4.4719585276431	1.0468622002506	-3.4250963273925	39.2569994146376	0.5340006418070	0.1817453676604
-4.3122242834706	0.9944209671051	-3.3178033163655	33.7377092845752	2.9449313339151	0.1561930985397
-4.5402845237670	0.9629785044190	-3.5773060193480	37.2729455184700	1.0826567913976	0.1725599329559
-4.4981863378815	0.9587443750430	-3.5394419628386	38.1304898694705	0.3551348783785	0.1765300456920
-4.5174745344043	0.9994834048377	-3.5179911295666	35.5113605669633	0.9463554283749	0.1644044470693
-4.5189680393697	0.9614647289319	-3.5575033104377	35.6836108980072	0.5941970370677	0.1652019023056
-4.2764758152820	1.1080380678071	-3.1684377474749	34.6073498483555	1.0801146845115	0.1602192122609
-4.5163797729127	1.0543300226547	-3.4620497502581	42.6844952387437	0.1289888292949	0.1976134038831
-4.2963479497883	1.0528167684731	-3.2435311813152	33.2629245299736	0.5724961629438	0.1539950209721
-4.4733097728389	0.9007153787764	-3.5725943940625	35.0525274229674	1.5120140025822	0.1622802195508
-4.3275870697166	0.9363058630985	-3.3912812066181	31.6638796387841	0.8058698113036	0.1465920353647
-4.4434737438342	0.9506265348272	-3.4928472090070	39.3044506455980	0.7441773610642	0.1819650492852
-4.3493133504887	1.0229238240481	-3.3263895264406	36.2914558301222	0.4081553941044	0.1680159992135
-4.4622441395745	0.9569395493266	-3.5053045902479	38.2424350242254	0.2240424026306	0.1770483102973
-4.4180190946739	1.0947876462896	-3.3232314483842	34.5589245823779	0.8274445257733	0.1599950212147
-4.3445685319895	0.9993014628924	-3.3452670690971	33.6450364259148	0.8873869376486	0.1557640575274
-4.4723197264761	0.8649282154858	-3.6073915109904	35.6986054864043	0.0910578128392	0.1652713216963
-4.4311350077479	0.9665152016187	-3.4646198061292	38.2616295692926	1.7658694642752	0.1771371739319
-4.3455157295116	0.9597225812257	-3.3857931482859	36.7875862266382	1.8312712733765	0.1703128991974
-4.4488493206404	1.0778809887266	-3.3709683319139	34.2748835363964	1.1126722207425	0.1586800163722
-4.4273177725489	1.0128530811350	-3.4144646914140	32.2700484985141	2.3363327063320	0.1493983726783
-4.5062609536054	0.9515963185333	-3.5546646350721	35.1529516622763	2.4421431442152	0.1627451465846
-4.4906928435073	0.9567085561469	-3.5339842873604	38.8077857743230	2.0237880274364	0.1796656748811
-4.5420334646843	0.8801003186949	-3.6619331459894	42.5650596351558	0.9677250048626	0.1970604612739
-4.4844720343911	0.8321645861280	-3.6523074482631	38.3423168858238	1.0123985770528	0.1775107263233
-4.3714671384451	0.9845082696200	-3.3869588688251	35.3543946625870	1.2870933527451	0.1636777530675
-4.4450691433601	1.0896369661641	-3.3554321771961	29.5547005989748	0.6908472637062	0.1368273175878
-4.4640393876204	1.0886980050103	-3.3753413826102	40.3839673013219	0.4762315606564	0.1869628115802
-4.3211605618606	0.9736809436975	-3.3474796181631	26.5296197506983	1.1002290623900	0.1228223136606
-4.1022474603676	1.0384794226502	-3.0637680377174	25.9424157547509	0.2663483014280	0.1201037766424
-4.4074690923675	0.9707160903808	-3.4367530019868	36.6217138705395	0.8896016159181	0.1695449716229
-4.4993936775673	1.0330243823165	-3.4663692952508	35.0048398008293	0.3400107681102	0.1620594435224
-4.2879689366538	0.9881614067859	-3.2998075298679	32.1905472802596	0.4916209642554	0.1490303114827
-4.4764825000831	1.0562408881948	-3.4202416118883	35.2581221433965	0.7041744127569	0.1632320469602
-4.4610803004696	1.0009485668260	-3.4601317336435	34.9729480168493	1.0714446925150	0.1619117963743
-4.1929623249518	0.9571256282700	-3.2358366966818	30.4815113038607	0.8220871497501	0.1411181078882
-4.4900199858894	0.9832132215147	-3.5068067643747	35.9643300539707	0.3408996044922	0.1665015280276
-4.4822601759266	0.9781287112264	-3.5041314647003	39.4298704973241	2.2486917104742	0.1825456967469
-4.3962996648819	0.9210798314982	-3.4752198333838	36.7522856561002	0.3293905968319	0.1701494706301
-4.4116383391244	0.9830930393431	-3.4285452997812	38.1826695588907	1.6446957382788	0.1767716183282
-4.4631725609108	0.8302591672018	-3.6329133937091	37.5706343143331	0.8359977853521	0.1739381218256
-4.3870475135259	1.0449800708805	-3.3420674426454	35.2520618989709	1.1357587721960	0.1632039902730
-4.4404473162514	1.0073860531259	-3.4330612631255	35.8360361200750	0.7818223421933	0.1659075746300
-4.4073988192578	1.0554888592383	-3.3519099600196	31.8531515019437	1.0833485153853	0.1474682939905
-4.3967553924865	0.9661344374177	-3.4306209550688	30.6443840573333	1.1758100904814	0.1418721484136
-4.5107620924302	0.9723432170674	-3.5384188753628	31.8018874866587	0.6830121178138	0.1472309605864
-4.3899245652051	1.0483729799529	-3.3415515852523	39.9158388505034	0.3979776513740	0.1847955502338
-4.5852681874240	1.0853302995122	-3.4999378879118	36.8493061376944	0.4446734819294	0.1705986395264
-4.4850211800329	0.9704864341746	-3.5145347458583	41.8375376867242	0.5306529394038	0.1936923041052
-4.5043483352226	1.0609465449205	-3.4434017903021	37.0161837738254	0.4757367796398	0.1713712211751
-4.4474418250747	1.0418867499689	-3.4055550751057	42.9484118681093	0.1396815855361	0.1988352401301
-4.4826340017792	0.9643752428665	-3.5182587589127	36.3095284292681	1.0243724398748	0.1680996686540
-4.4701010256414	0.9873883355560	-3.4827126900855	36.6874681264565	0.7113377016293	0.1698493894743
-4.6022082933584	0.9784989219551	-3.6237093714034	40.0960823813890	0.8037414549221	0.1856300110249
-4.4492864555188	1.0384794774204	-3.4108069780983	40.7232614589322	1.2278662671127	0.1885336178654
-4.3654356398142	1.1204759146248	-3.2449597251893	29.3842477473680	1.4940329650080	0.1360381840156
-4.3580559845790	1.0493935493179	-3.3086624352611	30.0719453913695	0.7078198497209	0.1392219694045
-4.5340067276288	0.9870622265258	-3.5469445011030	41.9343516336128	0.7898976042481	0.1941405168223
-4.3494681236128	0.9100274570541	-3.4394406665588	35.7934135539902	0.7549484813016	0.1657102479351
-4.4932756337358	1.0811719829000	-3.4121036508358	33.7621449256680	1.2087573435119	0.1563062265077
-4.4506420364632	0.9796713327189	-3.4709707037442	33.1280313172143	2.2613218331028	0.1533705153575
-4.3619091861573	0.9649325768930	-3.3969766092642	34.3929678075178	0.7947339133663	0.1592267028126
-4.3654159869458	1.0687925908133	-3.2966233961325	37.4761160650287	0.2595282252634	0.1735005373381
-4.5047264814392	0.9131555128349	-3.5915709686044	42.8608078090169	0.5489805272146	0.1984296657825
-4.4946595923235	1.0056806499233	-3.4889789424002	40.3254096792392	0.1411202795553	0.1866917114780
-4.4395433169222	1.0035906101851	-3.4359527067371	35.6384551433799	0.4734285832294	0.1649928478860
-4.2637449336074	1.0382831435339	-3.2254617900735	31.5459053255696	1.1251597685186	0.1460458579887
-4.4976682417801	0.9806954652327	-3.5169727765474	44.9384770014829	0.6512780442716	0.2080485046365
-4.4823304402975	0.8463567965489	-3.6359736437486	40.3307554374001	1.1142345312394	0.1867164603583
-4.4012712657276	1.0703261444859	-3.3309451212417	34.1306472045863	0.2332227013658	0.1580122555768
-4.3081778543093	0.9468017638223	-3.3613760904870	30.6457365388906	0.8639920517811	0.1418784099023
-4.4177079893224	0.9315671507496	-3.4861408385729	36.2851714800338	1.1363381663407	0.1679869050002
-4.1636039534650	0.9508070816975	-3.2127968717674	29.8769547642251	0.1821341743518	0.1383192350196
-4.4833518231279	1.0077924406903	-3.4755593824376	42.1398370800577	1.4951014462096	0.1950918383336
-4.3973237544642	1.0032784244521	-3.3940453300122	37.7502718588330	0.6431280341678	0.1747697771242
-4.4724031456489	0.9911234121636	-3.4812797334853	38.0912252186959	1.1951920605990	0.1763482649014
-4.4787992678807	0.9554709564426	-3.5233283114380	37.4541912052230	0.2271219383976	0.1733990333575
-4.3216885304005	1.0516244684369	-3.2700640619636	32.9019734792682	0.4758558666760	0.1523239512929
-4.3647755087186	0.9840398253532	-3.3807356833654	32.5837872020570	0.4355673995566	0.1508508666762
-4.4477289733802	0.8850625587453	-3.5626664146349	34.0258023207385	0.7343919852437	0.1575268625960
-4.4699505640797	0.8319666287600	-3.6379839353197	41.1027673319409	0.7962814149293	0.1902905894997
-4.5958271906695	1.1246988503074	-3.4711283403621	40.6612118330259	2.2669154269606	0.1882463510788
-4.4614786233306	0.9522270926793	-3.5092515306512	34.0232198269493	1.1210370914020	0.1575149066062
-4.4006755415013	0.9573471350515	-3.4433284064498	32.4998247747850	0.5401963710789	0.1504621517351
-4.5713095489341	1.0345497911769	-3.5367597577572	37.5688401000833	0.6790683725847	0.1739298152782
-4.4415816852894	1.2618223873044	-3.1797592979850	35.1363828267474	0.8821292711235	0.1626684390127
-4.4151929673763	1.0689691841378	-3.3462237832385	35.3137152396971	0.3008593860137	0.1634894224060
-4.3780990805841	1.0685970645212	-3.3095020160628	31.1897284812559	1.5815493944098	0.1443968911169
-4.3631709583811	1.0188833073767	-3.3442876510044	37.7844498223565	0.7733462966932	0.1749280084368
-4.5123865824589	1.0014735743345	-3.5109130081244	45.3751379724416	0.2714000226790	0.2100700832057
-4.5528959113356	0.9693935259838	-3.5835023853518	42.5961571036107	0.3549700866777	0.1972044310352
-4.4884845111298	0.9773250619741	-3.5111594491557	38.8125121691780	0.1597545845540	0.1796875563388
-4.5152287741155	1.0817156217685	-3.4335131523470	37.2330292529747	0.2139192899914	0.1723751354304
-4.2797923684750	0.9128868812100	-3.3669054872650	29.9643539307579	0.0839349509910	0.1387238607905
-4.4984165596955	1.0070652763574	-3.4913512833381	37.0798502296436	0.8844774101480	0.1716659732854
-4.5715709561515	1.0810318109575	-3.4905391451940	40.0429245106419	0.6615233464238	0.1853839097715
-4.4761630717055	0.9747085204773	-3.5014545512282	41.6901323530798	0.8834336301571	0.1930098720050
-4.5677994974967	1.0612411227388	-3.5065583747579	40.6004627783100	1.0443267880821	0.1879651054551
-4.3254928754043	0.8973371162482	-3.4281557591561	33.8957804286627	0.8679866729993	0.1569249093920
-4.3615719731638	0.9278534339622	-3.4337185392016	36.8503535676631	0.5606917506417	0.1706034887392
-4.3783603342130	1.0631947858150	-3.3151655483980	30.4830917118291	1.0639166297009	0.1411254245918
-4.2276441112849	0.9954624017581	-3.2321817095268	30.3646119191692	1.5406020861047	0.1405769070332
-4.2920888735639	0.9914366033694	-3.3006522701945	28.1412568965860	1.4634056173919	0.1302835967435
-4.3940896662188	1.0030518653112	-3.3910378009077	35.5770537364592	0.5236036852723	0.1647085821132
-4.4516608201484	0.9052558636436	-3.5464049565049	34.2189267102571	0.6458866804732	0.1584209569919
-4.4484145705764	0.9374365308919	-3.5109780396845	34.8923131080960	0.9190923831670	0.1615384866116
-4.5130130710388	0.9634708441840	-3.5495422268548	42.8534766073698	0.8982849942637	0.1983957250341
-4.3916450858896	0.9745818077092	-3.4170632781804	34.0889476366036	1.3013384200902	0.1578192020213
-4.5103395051589	1.0223659266885	-3.4879735784704	36.8199356065571	2.1639270418471	0.1704626648452
-4.3448961672822	0.9479197569151	-3.3969764103671	25.8833134916017	1.4995233462533	0.1198301550537
-4.4191176290926	1.0452031863651	-3.3739144427275	36.1574182356277	0.9038705332202	0.1673954547946
-4.5715490815765	0.9909706069481	-3.5805784746284	41.9483893120949	1.6118377853770	0.1942055060745
-4.4306683257774	1.0356742823943	-3.3949940433831	33.7665176021942	1.6295401922073	0.1563264703805
-4.5367653375407	0.9537177800115	-3.5830475575292	41.1685513304050	1.0826163324204	0.1905951450482
-4.4820886560089	0.9051098563737	-3.5769787996352	42.4930393839356	0.2991201169658	0.1967270341849
-4.3815259110593	1.0453091483447	-3.3362167627146	34.8069982399176	1.1591790200480	0.1611435103700
-4.4454348932363	1.0411458666312	-3.4042890266051	34.1715804563158	0.7302570699902	0.1582017613718
-4.3601188402222	0.9658771525357	-3.3942416876864	32.3872730749717	1.9712333828763	0.1499410790508
-4.5515874425386	0.9969200665591	-3.5546673759795	39.1855668932016	0.9623764419403	0.1814146615426
-4.5888661615460	1.0506157845898	-3.5382503769562	39.0907700931928	1.5227022663536	0.1809757874685
-4.5286822705406	1.0256275095676	-3.5030547609730	35.9745470845486	1.3314083852768	0.1665488290951
-4.2996664030754	1.0434927667445	-3.2561736363309	34.8395145772789	0.7017924753750	0.1612940489689
-4.4059421954391	0.9487354040484	-3.4572067913906	43.4212781995053	1.1162437704597	0.2010244361088
-4.3317049185735	1.1717821974963	-3.1599227210772	25.0948992709658	1.7524190744179	0.1161800892174
-4.3697655981148	0.9487035676569	-3.4210620304578	31.0115870255731	1.0176114831515	0.1435721621554
-4.5064675983271	1.1183650034224	-3.3881025949047	36.7586787663331	0.5733426778929	0.1701790683627
-4.4209030966996	1.0098091259203	-3.4110939707794	34.1792643813197	0.4828914699253	0.1582373350987
-4.1756359553424	1.1255958167113	-3.0500401386311	26.2877007601854	1.7008396207737	0.1217023183342
-4.3871206476847	1.0064723819758	-3.3806482657090	32.2716967280390	1.2190548615337	0.1494060033706
-4.4684164456980	1.0686980681649	-3.3997183775332	38.1755853640184	0.2451593128620	0.1767388211297
-4.5952178278629	0.9460694220870	-3.6491484057760	39.4282264112153	0.3657810164886	0.1825380852371
-4.3908824094822	0.8961864770293	-3.4946959324529	33.5073205241244	2.0409910821183	0.1551264839080
-4.5488681578256	1.0302603034499	-3.5186078543757	41.3618779337419	0.4739456747153	0.1914901756192
-4.5071280367336	1.1035449929212	-3.4035830438124	41.6108763132752	0.4741481573854	0.1926429458948
-4.5016203449373	0.9493117023674	-3.5523086425699	38.8321852620921	1.5868079755010	0.1797786354726
-4.4456301642261	1.0399991165382	-3.4056310476879	39.3987223781007	1.2540786554274	0.1824014924912
-4.5327689600898	1.1237653372270	-3.4090036228628	32.6086156970778	2.0961484468286	0.1509658134124
-4.4551346030461	0.9414897083948	-3.5136448946514	34.2910310879521	0.2178729922510	0.1587547735553
-4.5159139333583	0.9083217602717	-3.6075921730866	34.1964461940960	0.2763774859860	0.1583168805282
-4.4340379303607	1.0518047352042	-3.3822331951565	31.7213591028807	1.2945562632124	0.1468581439948
-4.4358486605317	0.8888195386628	-3.5470291218689	40.0763281093523	0.6008364033443	0.1855385560618
-4.3828427406255	1.0040447956311	-3.3787979449944	36.1700879765408	0.4789749633336	0.1674541110025
-4.4721589417291	1.0045429734507	-3.4676159682784	36.3457467883776	0.4744064743268	0.1682673462425
-4.5970604523031	1.0051779752233	-3.5918824770798	38.4633527999124	1.7763840666143	0.1780710777774
-4.2879957617380	0.9650987844865	-3.3228969772515	30.8533205357468	0.5011877968161	0.1428394469248
-4.3980716445692	1.1007542861189	-3.2973173584503	39.6068908382147	0.6090121367607	0.1833652353621
-4.3940090111478	1.0023006451926	-3.3917083659552	36.8379953112378	1.3141021730935	0.1705462745891
-4.4263015783709	1.0087116469867	-3.4175899313841	37.8200300389797	0.4178356229014	0.1750927316619
-4.2983943917097	1.0718182700990	-3.2265761216107	31.5396478477804	0.3326739373983	0.1460168881842
-4.4048426583625	1.0460248235234	-3.3588178348391	34.2442479914363	1.9709649735013	0.1585381851455
-4.4722308561162	0.9522992413111	-3.5199316148051	37.5707132129065	0.9256616079071	0.1739384870968
-4.4971692581345	0.8941466136434	-3.6030226444911	36.0753052504305	1.4378772004949	0.1670153020853
-4.2958752501877	1.0945662337367	-3.2013090164510	29.1546394704102	0.5948271162316	0.1349751827334
-4.2933006108340	1.0624704435225	-3.2308301673115	27.5741809171647	0.3122381665878	0.1276582449869
-4.4201642683933	0.9898541472943	-3.4303101210990	36.2228890052638	0.6414504100919	0.1676985602096
-4.5311206302240	0.8825452756601	-3.6485753545639	38.6026638793590	0.4618990884296	0.1787160364785
-4.4614122478009	0.8989412474119	-3.5624710003890	35.1662930513398	2.1981225550654	0.1628069122747
-4.4033338147023	1.0102824067710	-3.3930514079313	37.7829477137998	1.1177629897634	0.1749210542306
-4.4762969409764	1.1155816912184	-3.3607152497580	39.4918625813157	0.2070448304671	0.1828326971357
-4.4912921554360	0.9741606445025	-3.5171315109335	35.0370662717379	1.0021965298942	0.1622086401469
-4.4425049879529	1.0285741552310	-3.4139308327220	41.1500901816475	0.8418455159082	0.1905096767669
-4.4460219036801	0.9733890565303	-3.4726328471497	37.9042820534611	0.4322958729470	0.1754827872845
-4.5384749559072	0.9674422514129	-3.5710327044944	40.3033783995545	3.3179494680199	0.1865897148128
-4.4108122262733	0.9654298213608	-3.4453824049124	36.0996120515968	1.1844871341310	0.1671278335722
-4.5261703833930	1.0846075581135	-3.4415628252796	42.1889810080440	0.3634376301153	0.1953193565187
-4.3673122508030	1.0442767050753	-3.3230355457277	33.4646796140075	0.5589065822445	0.1549290722871
-4.3870628933953	0.9338520386654	-3.4532108547299	33.7676739376707	0.8221130776626	0.1563318237855
-4.3096245503105	0.9855957575075	-3.3240287928030	31.0579309155337	0.3481198506045	0.1437867172015
-4.5886018239600	1.0194214824620	-3.5691803414980	38.0370939122189	1.7295596633002	0.1760976570010
-4.4638789745526	0.9576794468618	-3.5061995276908	36.9610367367017	2.3588674870267	0.1711159108181
-4.4563587204163	1.0809296705348	-3.3754290498815	31.0553030700814	1.2998769601637	0.1437745512504
-4.4347696966077	0.9166901658953	-3.5180795307125	36.2942842477198	0.4013345417138	0.1680290937394
-4.3447425678134	1.0665766390639	-3.2781659287495	33.0781191624410	1.4646123581032	0.1531394405669
-4.4791143093607	1.0108975344185	-3.4682167749422	41.1888604865593	0.7786105879966	0.1906891689193
-4.4102372507392	0.9366904244127	-3.4735468263265	36.0569839698152	0.5065578662408	0.1669304813417
-4.4473290244517	0.9205801271757	-3.5267488972760	37.4886711003568	0.5930292355203	0.1735586625017
-4.4887582052319	0.9523101362796	-3.5364480689523	35.5278217332917	0.9703823755386	0.1644806561726
-4.4279633756766	0.9687402290963	-3.4592231465803	37.5444022868570	2.4613230152606	0.1738166772540
-4.3331197180652	0.9535238072664	-3.3795959107988	33.8939472374747	0.6860601902561	0.1569164223957
-4.2512014824290	0.9178628280718	-3.3333386543572	29.8627300330157	1.2699651021984	0.1382533797825
-4.4266418812585	1.0124537214008	-3.4141881598577	37.9200024221096	0.7300799107710	0.1755555667690
-4.4696012716006	0.9365103273197	-3.5330909442809	42.2318776648963	1.1212148814330	0.1955179521523
-4.4419073143801	0.9946271149223	-3.4472801994578	32.7470026107236	1.0024979500433	0.1516064935682
-4.4886797645846	0.9065713563376	-3.5821084082471	28.6134218181909	2.2397929781097	0.1324695454546
-4.2991375292530	0.9962255892378	-3.3029119400152	30.0786841613576	1.2988865354353	0.1392531674137
-4.3453258679382	1.1328135121988	-3.2125123557394	33.1209467824349	0.8615087216050	0.1533377165853
-4.5983435216796	0.9733954778182	-3.6249480438615	42.7798788854877	1.3761526547939	0.1980549948402
-4.3067236692982	1.0146069079565	-3.2921167613417	34.0944797757292	0.6325564950862	0.1578448137765
-4.3991029268556	1.0441506054563	-3.3549523213993	34.7366307324936	1.6765197278677	0.1608177348727
-4.3198583788580	0.8175626765663	-3.5022957022917	40.5658549901195	1.3170957569694	0.1878048842135
-4.2990021816618	1.0248021865903	-3.2741999950715	27.7251713513408	0.6232677280406	0.1283572747747
-4.3091017045425	1.0018086149197	-3.3072930896228	26.1057763136566	0.3939725290048	0.1208600755262
-4.5200329794822	0.8933203972853	-3.6267125821968	37.6919213629470	0.8215703410051	0.1744996359396
-4.2630053001213	0.9695559406276	-3.2934493594937	28.5313448638779	0.5809877370942	0.1320895595550
-4.3670396482420	1.0413617705281	-3.3256778777139	35.2688487499612	0.5580227519767	0.1632817071757
-4.5806764471326	1.0910189046016	-3.4896575425310	35.7496072316834	0.5871162663034	0.1655074408874
-4.4483171336515	0.8313442533649	-3.6169728802867	40.9187951998159	0.6035036954688	0.1894388666658
-4.4649348313174	1.1623028616357	-3.3026319696817	38.5424502872216	1.2106006045622	0.1784372698482
-4.5609261877281	0.9994320219135	-3.5614941658146	43.4825498607632	0.5294596533952	0.2013081012072
-4.5186573197567	1.0676988152160	-3.4509585045407	37.9959826497475	1.0359607499993	0.1759073270822
-4.3646049793221	0.8758905042790	-3.4887144750431	35.8564540897921	0.6967245172720	0.1660021022676
-4.4141975701156	1.0039540174610	-3.4102435526546	36.3665178402743	0.6618812036474	0.1683635085198
-4.4634671583948	1.0029740986161	-3.4604930597787	38.5066012306374	0.7202576099729	0.1782713019937
-4.5146964708249	0.8455343328110	-3.6691621380139	36.2378605294809	0.7319944239081	0.1677678728217
-4.2504957036792	0.9276377415196	-3.3228579621596	31.8718081406446	0.9072437112646	0.1475546673178
-4.1681199906778	1.0881920237565	-3.0799279669213	24.9622260895221	1.5498091119562	0.1155658615256
-4.3723979252777	1.1626814853939	-3.2097164398838	30.7875187793971	1.4954147320566	0.1425348091639
-4.4059237711355	0.9285211812102	-3.4774025899253	34.0153679116454	0.5508381327407	0.1574785551465
-4.2689470733111	1.0162765485522	-3.2526705247589	33.4074070594503	0.1806243184829	0.1546639215715
-4.4393877195054	1.0181697009147	-3.4212180185907	36.0069053826846	1.3476498964188	0.1666986360309
-4.2917691937076	0.9744993119360	-3.3172698817716	28.3042915415248	1.0228286119855	0.1310383867663
-4.5149999323669	0.9860412678229	-3.5289586645440	32.7880381313819	1.5524053163677	0.1517964728305
-4.5115081211403	1.0546480060094	-3.4568601151309	40.0045608391792	0.6754718629925	0.1852063001814
-4.5019364456726	0.9667854695487	-3.5351509761239	39.7308617657597	0.4793894310235	0.1839391748415
-4.4411648683178	0.9707011695824	-3.4704636987354	38.0878321093238	1.9122047345342	0.1763325560617
-4.4594624626538	0.9564035939896	-3.5030588686643	33.9138581329324	1.2400996812269	0.1570086024673
-4.3097041440742	1.0446980061209	-3.2650061379532	29.2006626495568	0.8610730534311	0.1351882530072
-4.4592561386435	0.9991593219088	-3.4600968167347	31.8505317229389	0.3939826248318	0.1474561653840
-4.4142779965130	1.0011903767531	-3.4130876197599	38.8746412629770	0.7291791174712	0.1799751910323
-4.4973900483107	1.0914971288693	-3.4058929194414	37.2946481439935	0.8331967380442	0.1726604080740
-4.3127489799240	1.0989284548677	-3.2138205250563	30.3027687789996	1.6309023248064	0.1402905961991
-4.3990937406991	0.9354264089140	-3.4636673317851	37.1506468755181	1.2359073306138	0.1719937355348
-4.2379665062924	0.8976913596901	-3.3402751466022	29.4516396553303	0.6785040479637	0.1363501835895
-4.4064655633170	0.9280130121950	-3.4784525511220	36.0418070913445	1.9406799410884	0.1668602180155
-4.4008968807203	0.9570934451791	-3.4438034355412	30.9624897278920	0.9080448431595	0.1433448598514
-4.4119817529276	0.9967673099860	-3.4152144429416	31.9726894647841	3.8993906646003	0.1480217104851
-4.4526189547747	1.1470142759915	-3.3056046787832	29.1993688059854	1.6843490951921	0.1351822629907
-4.3658007007155	1.0668304181669	-3.2989702825486	32.2682390191365	2.1773888116146	0.1493899954590
-4.3951259878212	1.0080463928535	-3.3870795949676	33.7746441072830	1.6412724586216	0.1563640930893
-4.5751432236088	0.8550519081792	-3.7200913154296	42.3475794381665	1.7818213788388	0.1960536085100
-4.5366043828677	1.0072006273217	-3.5294037555460	40.6412798008746	0.6719046583443	0.1881540731522
-4.5443737890575	1.0560696538931	-3.4883041351644	39.1463385114310	0.7845161347498	0.1812330486640
-4.4888707129481	0.9641313648387	-3.5247393481094	35.4817596359067	1.2445703673424	0.1642674057218
-4.4033154723328	1.0480309031081	-3.3552845692247	34.6089903497536	0.4726186317933	0.1602268071748
-4.3362340543211	0.8970610258562	-3.4391730284649	29.1208826016349	0.4760337087327	0.1348189009335
-4.5226807841257	1.0200811952824	-3.5025995888434	34.7298370299891	1.6938037278460	0.1607862825462
-4.3893753095724	0.9577931740921	-3.4315821354804	36.2428010587995	0.5807975852340	0.1677907456426
-4.5467156358752	0.9917753578742	-3.5549402780010	38.0480168859278	1.7231970992717	0.1761482263237
-4.2499656950900	1.0275630049405	-3.2224026901495	28.1960348660810	0.6174525768908	0.1305371984541
-4.3054176503230	0.9511688189781	-3.3542488313449	33.1795286158964	0.6769004253384	0.1536089287773
-4.5227824369706	0.9537520475822	-3.5690303893884	34.8015931963555	1.3832848350768	0.1611184870202
-4.5454202369640	1.0943513249535	-3.4510689120105	35.4663035079094	0.5583262193709	0.1641958495737
-4.4794406459891	0.8366678766878	-3.6427727693013	38.8721847064211	1.0019696726089	0.1799638180853
-4.4339215778566	1.0704645809370	-3.3634569969196	36.9238402127183	1.3499634394588	0.1709437046885
-4.4185702769816	1.0181245542397	-3.4004457227419	32.5862429128503	2.8418997143733	0.1508622357076
-4.2643282174261	0.9918167750593	-3.2725114423668	33.6340692341074	0.7997633190769	0.1557132834912
-4.3230463474840	1.1076760264390	-3.2153703210450	35.3613173589270	0.4870823339697	0.1637098025876
-4.4894877558417	1.0179703896659	-3.4715173661758	34.5336208023429	0.9681360355398	0.1598778740849
-4.5342161763589	1.0374220171470	-3.4967941592118	40.4601435938482	1.4296773093365	0.1873154796011
-4.5912292923820	0.9689638670771	-3.6222654253049	42.9071829875590	0.3232754653818	0.1986443656831
-4.3859128637237	1.0580122760157	-3.3279005877081	36.3892913099702	0.5674854375798	0.1684689412499
-4.4679208761266	0.9893759713751	-3.4785449047515	31.5735592633797	1.4505544795079	0.1461738854786
-4.3816631723727	1.0372619903069	-3.3444011820658	36.8873833216683	0.9590319235221	0.1707749227855
-4.3151135346046	0.9455110842287	-3.3696024503759	30.8342655538579	0.3847558869751	0.1427512294160
-4.3321437867315	1.0434879102113	-3.2886558765201	39.4102140932409	0.7588566570735	0.1824546948761
-4.3589765744088	1.0162314100489	-3.3427451643598	31.3406451689516	1.7498811700395	0.1450955794859
-4.3414835768175	1.0165773904543	-3.3249061863632	34.1026781766349	2.0199392994955	0.1578827693363
-4.4003839047262	0.9679189437608	-3.4324649609654	35.2358183613371	0.4899511831544	0.1631287887099
-4.4242969776790	1.0068773566078	-3.4174196210712	32.8758156324339	1.7142205468828	0.1522028501502
-4.4843709296264	0.9465054524648	-3.5378654771616	37.2775472775460	0.9411422250771	0.1725812373960
-4.3861761003928	1.0329661110201	-3.3532099893727	31.6472468237159	1.4887001849217	0.1465150315913
-4.3923931278034	0.9180074073042	-3.4743857204992	37.0674386432360	0.0560742739921	0.1716085122372
-4.3658587291263	1.0294042753786	-3.3364544537477	29.9550697921865	0.7919851955743	0.1386808786675
-4.3242750147979	0.9234146256689	-3.4008603891290	28.2699678146847	0.6450241378504	0.1308794806235
-4.4000940507834	1.0200791591970	-3.3800148915865	36.9524530608316	0.5173287927922	0.1710761715779
-4.3013799338069	1.0256685826995	-3.2757113511074	32.4138125082796	0.4882252064455	0.1500639467976
-4.3177900158018	0.9275885841044	-3.3902014316975	35.1707513279673	1.0476979950843	0.1628275524443
-4.2076222224120	1.0714821173100	-3.1361401051020	28.9001391068059	0.2989495174195	0.1337969403093
-4.4408836475279	1.0651241273035	-3.3757595202244	37.1097777483879	0.2478318411135	0.1718045266129
-4.3475087945318	1.0587564654298	-3.2887523291020	33.5336218618123	1.3099849003714	0.1552482493602
-4.3830845423597	0.9082454397136	-3.4748391026461	39.2532864683184	1.5214657009322	0.1817281780941
-4.5797442769223	1.0137243044439	-3.5660199724784	42.1674559824823	1.3848581983626	0.1952197036226
-4.3766504163988	0.9223217132185	-3.4543287031802	35.5705612353773	0.7333834084011	0.1646785242379
-4.4235992769760	0.9250062611544	-3.4985930158216	33.9902588832134	1.2167137851727	0.1573623096445
-4.4913205740508	0.9834231670793	-3.5078974069715	34.0996749482606	0.5835792925663	0.1578688655012
-4.4363862558081	1.0319099503167	-3.4044763054913	32.2771216920761	2.3147314190139	0.1494311189448
-4.3261652332426	1.0223496404536	-3.3038155927889	34.7302832179184	0.3205952997575	0.1607883482311
-4.4631114534344	1.0918016434158	-3.3713098100185	40.1878655042720	1.0021256322725	0.1860549328901
-4.3304437937250	1.1211443889167	-3.2092994048083	30.5010578519843	1.6857100868643	0.1412086011666
-4.2248852706464	1.0070294519187	-3.2178558187277	28.2747404968439	1.5170342538450	0.1309015763743
-4.3660427670599	0.8707695565174	-3.4952732105426	37.1398846272576	0.6468013469868	0.1719439103114
-4.5590036454592	1.0650798260764	-3.4939238193828	42.9433029612476	0.9393193815379	0.1988115877836
-4.3676601516138	1.0202877850292	-3.3473723665847	32.4017416997864	1.6202704099400	0.1500080634249
-4.3052285501680	1.0988566766089	-3.2063718735592	28.9159452206955	1.1378893728277	0.1338701167625
-4.5224652002276	1.0614206634172	-3.4610445368104	42.6685802141316	0.4925375932950	0.1975397232136
-4.2905168306540	1.0201546201551	-3.2703622104989	35.4651610656877	0.2443995405643	0.1641905604893
-4.3869146911704	1.0373256949968	-3.3495889961735	38.2988843940522	1.4680460094618	0.1773096499725
-4.2128013672872	1.0202038894584	-3.1925974778288	32.5466301598624	0.5669551482650	0.1506788433327
-4.4205356005049	1.0037363009350	-3.4167992995698	37.2866548789251	0.3691908958953	0.1726234022172
-4.5940346156402	1.0583623101347	-3.5356723055056	45.1706977823775	0.2902183428560	0.2091236008443
-4.6655536637372	1.0720664564321	-3.5934872073051	42.0457982156394	1.2930819208330	0.1946564732206
-4.3526596421272	1.0303675961689	-3.3222920459582	24.1738431842272	0.8545588465332	0.1119159406677
-4.3087169399066	1.1433148652887	-3.1654020746179	32.5542567090054	2.4666821735788	0.1507141514306
-4.4760430167940	1.0586397444087	-3.4174032723853	32.0484304931417	1.9574264942311	0.1483723633942
-4.4546461757294	0.9958878156101	-3.4587583601193	36.0894842111915	1.6200602178466	0.1670809454222
-4.3711777776092	0.9930172749423	-3.3781605026669	28.9247295312521	0.7712964979543	0.1339107848669
-4.4587360484104	1.0694291737067	-3.3893068747037	31.9037921858983	4.8724711456085	0.1477027416014
-4.5030444423979	1.0839819231288	-3.4190625192691	36.0785651218185	0.7163676178834	0.1670303940825
-4.3980060271002	0.9865893569442	-3.4114166701560	35.4616626430473	0.1525988319614	0.1641743640882
-4.3713461621429	1.0154584518699	-3.3558877102730	37.8249272182577	0.4871608395087	0.1751154037882
-4.2773785865548	0.9819839475645	-3.2953946389903	20.6192497218065	1.7122231367495	0.0954594894528
-4.3724226761015	0.9798385624110	-3.3925841136905	33.7672384941545	0.4260888111036	0.1563298078433
-4.4467562228308	0.9819034094916	-3.4648528133393	43.3020802716375	1.0974568746135	0.2004725938502
-4.4576051011031	0.9162147264084	-3.5413903746947	32.8190754845945	2.1461078767189	0.1519401642805
-4.4894039546589	0.9773969808555	-3.5120069738034	36.6713558210353	0.4848329681521	0.1697747954678
-4.3999876492958	0.9474164986929	-3.4525711506029	45.7269704399085	0.4972422077364	0.2116989372218
-4.4477168354672	1.0344524891338	-3.4132643463334	32.9785554537860	1.1993391867632	0.1526784974712
-4.6498082816851	1.0703314794649	-3.5794768022202	38.9623227625147	2.5215286111465	0.1803811239005
-4.5069904504803	0.9921088020763	-3.5148816484041	36.7886564034916	1.4212552144067	0.1703178537199
-4.5373168342133	1.0928576516905	-3.4444591825228	43.2008753115113	0.2317335121443	0.2000040523681
-4.3386865310006	0.9382541236776	-3.4004324073230	31.2941912648896	0.7209145679947	0.1448805151152
-4.5752613594070	0.9571806684816	-3.6180806909253	45.8349562873119	0.4842821316346	0.2121988717005
-4.4407518151338	0.9176456529386	-3.5231061621952	36.6829786765813	0.3225058082845	0.1698286049842
-4.3693478702502	1.0413505797518	-3.3279972904985	35.5244085721605	1.3076974663919	0.1644648545007
-4.2668287963977	1.0820506717847	-3.1847781246129	31.8395549333490	2.6519012479088	0.1474053469137
-4.4566881618222	0.9585615774067	-3.4981265844155	36.1203235047305	1.1371164835858	0.1672237199293
-4.3333768995388	0.9019546669004	-3.4314222326384	27.1559319304163	2.2111726841849	0.1257219070853
-4.4806603320666	1.0575246547598	-3.4231356773069	40.3487156073727	0.9634297942581	0.1867996092934
-4.4451706891249	0.9791784874190	-3.4659922017059	29.5840570675000	2.7811955117034	0.1369632271644
-4.5819470825021	1.0577407066896	-3.5242063758125	41.7571083091390	0.3463008188365	0.1933199458756
-4.5846961588973	1.0490110867855	-3.5356850721117	35.8659473091545	0.9056011523647	0.1660460523572
-4.6124948136257	0.9988135830574	-3.6136812305684	41.7494261291482	2.2692253251589	0.1932843802275
-4.4408277080758	1.0256006426737	-3.4152270654020	40.1652440058806	0.2283306700967	0.1859502037309
-4.5607038445616	0.9593159505083	-3.6013878940533	34.4964628283886	2.4212901006971	0.1597058464277
-4.4323803435914	0.9967265024121	-3.4356538411793	41.6161670759157	1.6313642323708	0.1926674401663
-4.5552111906203	1.0520387926455	-3.5031723979748	46.4267966547029	1.5815668209541	0.2149388734014
-4.5652519924039	1.0694006941966	-3.4958512982073	39.1161602254376	0.4752104995186	0.1810933343770
-4.5791752981668	1.0309861953284	-3.5481891028384	35.9132628380205	1.6397933067396	0.1662651057316
-4.4756259477852	0.9294536074207	-3.5461723403644	39.7051414992315	0.4744252519277	0.1838200995335
-4.5573760372919	1.0215688163338	-3.5358072209581	40.5992740322373	1.0298119445178	0.1879596020011
-4.4224408159617	1.0463414659998	-3.3760993499619	36.2399063200885	0.8478076565694	0.1677773440745
-4.3970707649799	0.9696128666454	-3.4274578983344	33.2809842470956	0.8589784901653	0.1540786307736
-4.4924856905604	1.0408403613626	-3.4516453291979	39.0740144456262	1.1122389298883	0.1808982150260
-4.4604693408511	0.8625589810850	-3.5979103597661	39.8635973277534	0.8802769191380	0.1845536913322
-4.3243368608554	1.1542708319092	-3.1700660289462	31.1944758943213	1.2312145663039	0.1444188698811
-4.2309296027773	1.1266731399207	-3.1042564628565	28.8102797491669	2.3297430537458	0.1333809247647
-4.4813989515022	1.1174919928682	-3.3639069586340	38.1334678264870	0.6557623781542	0.1765438325300
-4.3555923131119	0.9281988693171	-3.4273934437948	33.0010251058526	1.4406565413154	0.1527825236382
-4.5100727709564	1.0454171338057	-3.4646556371507	37.9088885221296	1.6162391868566	0.1755041135284
-4.4906228289737	0.9794673828943	-3.5111554460794	44.5339471115070	0.7579637723595	0.2061756810718
-4.3256267826608	0.9622194161823	-3.3634073664785	34.9646176442150	0.3013061043369	0.1618732298343
-4.3741590733775	0.9118859665568	-3.4622731068207	32.5218160929276	1.6880271609327	0.1505639633932
-4.4241353127578	0.9715466270065	-3.4525886857513	36.6863949186864	0.7741701863303	0.1698444209198
-4.5055659660536	0.9673385804924	-3.5382273855612	33.9179189467661	1.1863530332063	0.1570274025313
-4.3080008576865	1.0370401623475	-3.2709606953390	35.9299588433600	0.3369855844508	0.1663424020526
-4.2276211792460	0.9732061136601	-3.2544150655859	34.3831590044866	0.1498346877768	0.1591812916874
-4.5217696197459	0.9813547018152	-3.5404149179307	40.6908170245634	1.4588199915511	0.1883834121508
-4.3917701161744	1.0373818282387	-3.3543882879357	32.0273909804660	1.5594554853313	0.1482749582429
-4.3508924627842	1.0340613976519	-3.3168310651323	32.9187526945530	0.5759573220078	0.1524016328452
-4.3832661312090	1.0540267519103	-3.3292393792987	34.0804579987271	1.5391698766791	0.1577798981423
-4.3685760832355	1.0300772187882	-3.3384988644473	38.0406357999088	1.9244027209059	0.1761140546292
-4.3619565815658	1.0842097606221	-3.2777468209436	33.9853738610484	1.4211020287653	0.1573396938011
-4.4335473723150	0.9651453554827	-3.4684020168323	32.2475206423735	1.3855467292310	0.1492940770480
-4.4647110895011	0.9970444976710	-3.4676665918301	33.3524077062582	0.9417199254681	0.1544092949364
-4.3780700829179	0.8710916550451	-3.5069784278729	31.0184114914422	2.6490907587064	0.1436037569048
-4.5130661492626	1.2648141106732	-3.2482520385894	38.3815483641219	1.6509401925764	0.1776923535376
-4.2461355291394	1.1362647692107	-3.1098707599287	32.8733049155792	0.1631497865641	0.1521912264610
-4.4167454600927	0.9398701264819	-3.4768753336108	36.7361076105897	0.8428492539640	0.1700745722712
-4.4599350949598	0.9554712473445	-3.5044638476153	40.9546276487112	1.0742947705562	0.1896047576329
-4.5056922349518	0.9281670261857	-3.5775252087662	43.4494323852362	0.3431473847500	0.2011547795613
-4.4707157859501	1.0512122829644	-3.4195035029858	41.5737937414190	0.4124891738596	0.1924712673214
-4.4276186265439	0.9529869246525	-3.4746317018915	36.7013522267215	0.5262311692543	0.1699136677163
-4.4239751429070	0.9575335878857	-3.4664415550213	45.0051545435175	0.5167476906945	0.2083571969607
-4.4041553637337	0.9146985152319	-3.4894568485018	37.0758367152244	0.7697732658675	0.1716473922001
-4.3534328043631	1.0661551575441	-3.2872776468189	33.9167811005840	1.4034362390747	0.1570221347249
-4.4465858737445	0.9728094235211	-3.4737764502234	35.9823077703038	0.6108092263086	0.1665847581959
-4.4480948657900	1.0713427734889	-3.3767520923010	32.2537462006262	0.6497772976472	0.1493228990770
-4.4268488241832	0.9761669270490	-3.4506818971343	35.8830117211981	0.8423242420192	0.1661250542648
-4.4210592780672	1.0500394811106	-3.3710197969566	31.5052758390618	1.4873578448089	0.1458577585142
-4.4272785483529	0.9151863525510	-3.5120921958020	32.3073627488392	1.7076959703785	0.1495711238372
-4.3203813453481	0.9543781352010	-3.3660032101471	30.1573006266476	1.5600070661743	0.1396171325308
-4.3669225354110	0.8659486780956	-3.5009738573154	32.8325761695401	0.1073349595657	0.1520026674516
-4.3530243160448	0.9051295864049	-3.4478947296399	34.7073676228931	0.5748509213128	0.1606822575134
-4.3380901289485	1.0123514205800	-3.3257387083685	30.1545695086918	0.1934836854412	0.1396044884662
-4.4301925130006	1.0869496872220	-3.3432428257786	33.5095627710221	1.9959091561752	0.1551368646807
-4.4265170967066	0.9922288662751	-3.4342882304315	31.6006659035106	1.0612577850658	0.1462993791829
-4.5103119801079	0.9924246889679	-3.5178872911401	42.8769449868075	0.5845302173360	0.1985043749389
-4.5700350116911	1.0914247301301	-3.4786102815610	37.6410654670797	0.2974126412188	0.1742641919772
-4.4640729667707	0.8842862402919	-3.5797867264789	30.8570449122485	1.6387017016752	0.1428566894086
-4.4740551679107	0.8855967178683	-3.5884584500424	34.7641086325835	0.7834016232652	0.1609449473731
-4.3758741046744	1.0486793311926	-3.3271947734817	31.3336558009034	0.9493399626889	0.1450632213005
-4.4901184312184	1.1334060155755	-3.3567124156428	38.9061336995399	0.7506124202505	0.1801209893497
-4.3620732011603	0.9273121053224	-3.4347610958379	36.9640154043672	0.1668419178525	0.1711297009461
-4.4595300928204	1.0163691493104	-3.4431609435100	39.2115688791837	0.9826165838846	0.1815350411073
-4.6019871362514	0.9641133184102	-3.6378738178411	47.2760293564878	0.1408079806034	0.2188705062800
-4.5026827999426	0.8980883342633	-3.6045944656793	37.9981210471757	0.6913220788865	0.1759172270703
-4.5246119551711	0.9670256686638	-3.5575862865074	39.1850512633828	0.5475087061714	0.1814122743675
-4.3576192668308	1.0209960098696	-3.3366232569613	30.1022954115545	1.0950455325461	0.1393624787572
-4.3652971985285	0.9799380495166	-3.3853591490120	29.1222223671079	0.3171530687115	0.1348251035514
-4.3831382094525	1.0418410049120	-3.3412972045405	32.5186535674989	0.2036842632356	0.1505493220718
-4.5075555053102	0.9367285028059	-3.5708270025042	35.7228548857276	0.4544378338952	0.1653835874339
-4.5312425372744	0.8498696186624	-3.6813729186119	40.0697523243576	0.4041860559942	0.1855081126128
-4.2691004501637	1.0125012233846	-3.2565992267791	28.8445705581751	0.1623411586013	0.1335396785101
-4.4113049358808	1.0501758045807	-3.3611291313002	38.2235833353570	0.5606266167746	0.1769610339600
-4.5504846952871	1.0782011469195	-3.4722835483676	32.8080885794522	1.6463162152897	0.1518892989789
-4.3575700364892	0.9680600751976	-3.3895099612917	34.0552935267324	1.2056080531632	0.1576633959571
-4.4277840498709	1.1370592037833	-3.2907248460876	44.5354028570326	0.5020763061531	0.2061824206344
-4.4846415515658	0.9777924027533	-3.5068491488126	42.4780700718871	0.9088653018039	0.1966577318143
-4.4257880451122	1.0377097540045	-3.3880782911077	35.3950117830805	1.9344208581384	0.1638657952920
-4.3287562514817	0.9521002879415	-3.3766559635401	30.3953493155197	1.2480089189424	0.1407192097941
-4.1945854788111	0.9769363362635	-3.2176491425476	35.6576201801697	1.1835532363404	0.1650815749082
-4.3747931400449	0.9293472058329	-3.4454459342120	33.8975507579055	1.4195940379153	0.1569331053607
-4.3174447316458	0.9870017271655	-3.3304430044804	32.9730546728840	0.2818101917410	0.1526530308930
-4.3811196111787	1.0011924597126	-3.3799271514661	40.5036517890931	0.4646674713877	0.1875169064310
-4.4188218818727	0.9465518697157	-3.4722700121569	37.6101505264346	0.4735593247023	0.1741210672520
-4.2666556306891	0.9980413851917	-3.2686142454974	28.0201911824363	1.1524729113460	0.1297231073261
-4.4593142949406	1.0839879837399	-3.3753263112007	36.6210660495916	0.4456718469279	0.1695419724518
-4.3156811133179	1.0012059570021	-3.3144751563158	28.7251292011057	1.5983760497124	0.1329867092644
-4.4149189162938	1.0552124536926	-3.3597064626012	31.5407232548703	0.6026976161849	0.1460218669207
-4.2966166266986	1.0323174355822	-3.2642991911164	34.5416176670183	1.6048481074302	0.1599148966066
-4.2558817295991	0.9172292959374	-3.3386524336617	28.8740987142762	0.3839542483971	0.1336763829365
-4.4384118417310	1.0214035523888	-3.4170082893421	38.1804817701636	0.5087912762068	0.1767614896767
-4.4541589393143	1.0102770463463	-3.4438818929680	35.1866043910608	0.3717946636972	0.1629009462549
-4.5631660440709	1.0646643996328	-3.4985016444382	40.4895967038990	0.2483764860733	0.1874518365921
-4.4971910052522	0.9885348985602	-3.5086561066920	35.9368091555988	0.4304118515641	0.1663741164611
-4.3055719426426	1.0776399073707	-3.2279320352719	28.5497680540760	1.2627055160265	0.1321748521022
-4.3536391774214	1.0672354010219	-3.2864037763994	31.7902001687339	0.5094607724641	0.1471768526330
-4.4300814864640	0.9256590076556	-3.5044224788084	33.3962750267120	1.1021123590634	0.1546123843829
-4.4208612493365	0.9899377554771	-3.4309234938594	32.4404605228225	1.3966507169257	0.1501873172353
-4.3969032709889	0.8791505501684	-3.5177527208204	35.6150863175479	1.0577023826317	0.1648846588775
-4.5769865227118	1.0828280226491	-3.4941585000626	37.7683703522886	1.6018453116547	0.1748535664458
-4.4163759331887	0.9674984586816	-3.4488774745071	32.9594240946914	0.3912101234136	0.1525899263643
-4.3919005319111	0.9094504032196	-3.4824501286916	36.5904834853671	1.7681314356083	0.1694003865063
-4.2466783460811	0.9209301889740	-3.3257481571071	32.5874578760548	0.5119503175430	0.1508678605373
-4.2187841506689	1.1327252917804	-3.0860588588885	26.0956421986958	1.8762772374067	0.1208131583273
-4.4706188213149	1.0055176849165	-3.4651011363984	34.4558118795169	0.9912613762191	0.1595176475904
-4.6269337565038	1.0704528000819	-3.5564809564219	43.7864415085274	0.3296333042113	0.2027150069839
-4.4546456996599	0.9987097294965	-3.4559359701635	36.5770846957516	0.4525061057289	0.1693383550729
-4.5301134230619	1.0208422159850	-3.5092712070770	37.6012688770001	2.0636079157046	0.1740799485046
-4.2882953221627	0.9616211123093	-3.3266742098534	25.9541619454529	0.6309514881496	0.1201581571549
-4.5455355533327	0.9061550348377	-3.6393805184950	39.1423935829487	0.8725346377921	0.1812147851062
-4.5533036366311	1.1439636927324	-3.4093399438986	38.4020212577102	0.5137693909213	0.1777871354524
-4.5857136311360	0.9808529236500	-3.6048607074860	39.3903379555586	0.5671720151204	0.1823626757202
-4.5458557449475	0.9747485640811	-3.5711071808665	32.2660891675350	0.8111247729303	0.1493800424423
-4.4651701035738	0.9708218449626	-3.4943482586112	41.9682213312533	0.3414931593211	0.1942973209780
-4.4102179344587	1.0681062164481	-3.3421117180107	32.4896367198473	0.2816857075626	0.1504149848141
-4.3910203357417	0.9468232692241	-3.4441970665176	31.9426836820150	0.3256152964593	0.1478827948241
-4.2820067462739	0.9830102045623	-3.2989965417116	34.0712948576220	0.7225774044893	0.1577374761927
-4.3970783863635	0.9922455297333	-3.4048328566302	32.3170799994774	0.5549989596012	0.1496161111087
-4.3178182780080	1.0529662566008	-3.2648520214072	34.9175975332195	1.0492198218413	0.1616555441353
-4.4337524713881	0.9963471446890	-3.4374053266991	37.0046379089073	0.5972982140290	0.1713177680968
-4.4311709388944	1.0664415760307	-3.3647293628637	38.9138157392961	0.7787657955608	0.1801565543486
-4.5508174439482	0.9090109268356	-3.6418065171126	47.9431365690895	0.1285230986193	0.2219589655976
-4.3955612976617	1.0243911333788	-3.3711701642829	35.5586868744666	0.4208695358175	0.1646235503448
-4.5509920960301	0.9507961507360	-3.6001959452942	47.3873909094582	0.6091862860316	0.2193860690253
-4.5750350941029	0.9363947427248	-3.6386403513781	40.2816353062133	2.6423694092191	0.1864890523436
-4.3974481510575	1.0320547497318	-3.3653934013257	39.8727232703871	1.1504116983422	0.1845959410666
-4.5874458904360	0.8867679282094	-3.7006779622266	46.2879540275322	0.6788776649908	0.2142960834608
-4.3883993022513	0.9440429620546	-3.4443563401967	33.1033134780078	1.0341214306364	0.1532560809167
-4.5159604335545	1.0643607973483	-3.4515996362061	35.0827723521011	1.0987381858273	0.1624202423708
-4.4614311475494	0.9674412649616	-3.4939898825877	36.6362867782636	0.5322622777509	0.1696124387883
-4.2455736729715	0.9221272115039	-3.3234464614676	33.0382841627646	0.2549255122244	0.1529550192721
-4.4688978501953	1.0007422333475	-3.4681556168478	42.7060140203060	1.5255830542371	0.1977130278718
-4.3842492705315	0.9422237481445	-3.4420255223871	32.2113837320076	0.3739210137761	0.1491267765371
-4.4299029625660	1.0946260620284	-3.3352769005377	32.9440646226757	0.3508536807934	0.1525188176976
-4.4473793448640	0.9986352790671	-3.4487440657970	38.6929327483501	0.7253346737536	0.1791339479090
-4.4865366876626	0.9861248529377	-3.5004118347249	34.3256043584149	0.8096086653302	0.1589148349927
-4.4882020080949	1.1061523009430	-3.3820497071519	41.3367560697074	0.6501417812676	0.1913738706931
-4.4309015715999	1.0775038277611	-3.3533977438388	31.5858464588544	1.8437522230746	0.1462307706428
-4.5364097418000	1.0832764751482	-3.4531332666518	36.1682690314243	1.6042957845939	0.1674456899603
-4.4102009125284	0.9668298638290	-3.4433710486994	38.5836409218098	1.0610820909853	0.1786279672306
-4.4469733997626	1.0400962725393	-3.4068771272233	39.0032345611204	0.3422673011817	0.1805705303756
-4.4760458974748	1.0284521334342	-3.4475937640406	36.9456701524502	2.1458598229103	0.1710447692243
-4.4981016483774	1.0800457817609	-3.4180558666165	36.4287842329630	0.3361053943874	0.1686517788563
-4.4002997770678	1.0895489863273	-3.3107507907405	36.8497772262610	1.2054918591778	0.1706008204919
-4.3031444311806	1.0457145647400	-3.2574298664406	37.2126242562003	0.9028459230784	0.1722806678528
-4.3857538193680	1.0533688937004	-3.3323849256676	41.8448509351385	0.5936543560648	0.1937261617368
-4.3246213224852	0.8796993176222	-3.4449220048629	34.2134741703360	1.5378584635849	0.1583957137516
-4.4349308233697	0.9041289762256	-3.5308018471440	33.0372443096749	1.2298058236875	0.1529502051374
-4.4515077649112	0.9656574797492	-3.4858502851620	35.6568900742394	0.7087944286069	0.1650781947881
-4.5473320422712	1.0923591652430	-3.4549728770282	38.9734686083230	0.8136007170749	0.1804327250385
-4.3557024664595	1.0218755255446	-3.3338269409149	32.4538830252614	0.6544796408343	0.1502494584503
-4.4600356358264	0.9499935126165	-3.5100421232099	38.8444506240481	0.3788040912966	0.1798354195558
-4.4599530375593	1.1033665703618	-3.3565864671975	39.2349579514450	1.1355594055583	0.1816433238493
-4.3988153253924	0.9860130173436	-3.4128023080489	32.5255799338361	1.0045440918771	0.1505813885826
-4.3683720320313	1.0716047604745	-3.2967672715568	35.0113711835256	1.5971000189216	0.1620896814052
-4.2539681022951	1.1480456638928	-3.1059224384023	31.7839519593964	0.8249611820366	0.1471479257379
-4.2689626168105	1.1054854901013	-3.1634771267092	27.0165455527893	1.1119202882549	0.1250765997814
-4.4250283082389	0.9725245244896	-3.4525037837493	41.4446999388664	0.6371970759013	0.1918736108281
-4.4354332339719	0.9641550150316	-3.4712782189404	37.5952619747054	1.0321535199912	0.1740521387718
-4.5033947867156	0.8855369336592	-3.6178578530564	39.1941127659158	0.5035127913438	0.1814542257681
-4.4892993303994	0.9952644126830	-3.4940349177164	34.9373088426460	0.8956573420617	0.1617468001974
-4.3684694748523	0.8934311305719	-3.4750383442804	29.9496539769975	0.7950061752673	0.1386558054491
-4.5005035873138	1.1342391118764	-3.3662644754373	39.1711755478312	0.5724769581054	0.1813480349437
-4.4047790882151	0.9506836971571	-3.4540953910580	32.9370217442369	0.2365309065036	0.1524862117789
-4.3682294842739	0.9433737680386	-3.4248557162354	39.7520594669620	0.1771604192836	0.1840373123470
-4.3638799281874	1.1133000614015	-3.2505798667859	33.5860478377017	1.3323199634129	0.1554909622116
-4.3939957309727	1.0375318652298	-3.3564638657429	40.2551312904284	0.6136261486036	0.1863663485668
-4.5661920656897	0.9753850573170	-3.5908070083727	38.8884736687017	1.1274131415604	0.1800392299477
-4.2416727066357	1.0171825964093	-3.2244901102264	25.9590180035518	1.0284127163931	0.1201806389053
-4.2594400404959	1.0336580894975	-3.2257819509984	31.5712455214114	0.9767718935221	0.1461631737102
-4.2945906144826	0.9405447879085	-3.3540458265741	28.5779189881470	0.6817272213538	0.1323051805007
-4.4677259764887	1.0455702817716	-3.4221556947171	39.0423635395157	0.8211359936927	0.1807516830533
-4.2731456130775	1.0313579634614	-3.2417876496161	23.4983723351415	0.4533798122737	0.1087887608108
-4.4770931630351	0.9845999174725	-3.4924932455626	37.6673707876713	0.5549486305911	0.1743859758688
-4.3203295578729	0.9046506848222	-3.4156788730506	30.3436993205136	1.0372566032554	0.1404800894468
-4.3430926943925	1.0358858120544	-3.3072068823381	39.6280510908699	0.5582521187675	0.1834631994948
-4.4415056937068	0.9755273196688	-3.4659783740380	31.0750393416804	0.5874926720305	0.1438659228782
-4.4018930055298	1.0351835164708	-3.3667094890590	38.6217217407020	0.3642191379551	0.1788042673181
-4.5282055282657	1.0538646741786	-3.4743408540870	42.7000648817986	1.5473956313679	0.1976854855639
-4.5718821262202	1.0326876293172	-3.5391944969030	38.0083954086810	0.9557481194671	0.1759647935587
-4.5960019259827	0.8747357252120	-3.7212662007708	40.3848957789659	0.8335121561394	0.1869671100878
-4.4682262275676	1.0927722170312	-3.3754540105364	32.1077225082681	1.3041723751260	0.1486468634642
-4.4583460544331	1.0687606501432	-3.3895854042899	39.8263493572143	0.6247045252592	0.1843812470241
-4.3836179489737	1.0129680451865	-3.3706499037873	39.1605293959866	0.1797616733463	0.1812987472036
-4.4554303543545	0.9480310399567	-3.5073993143977	37.5739467960368	2.0422742440180	0.1739534573891
-4.4835732002985	1.0889909374012	-3.3945822628974	41.5759917374614	0.6358252666928	0.1924814432290
-4.4031441362172	0.9962904245673	-3.4068537116498	37.5260381209808	1.4034561589458	0.1737316579675
-4.3769600022365	0.9253194750884	-3.4516405271481	32.0446248873546	2.3713189993653	0.1483547448489
-4.5042374928173	0.9884190208071	-3.5158184720102	33.6026903826496	0.8795915179780	0.1555680110308
-4.3597852024792	1.0411422567844	-3.3186429456948	36.1759265620047	0.8596742736384	0.1674811414908
-4.3757951277959	0.9434932265916	-3.4323019012043	31.7406549288523	1.6580865677177	0.1469474765225
-4.4517793187682	0.9609113444817	-3.4908679742866	40.8891993060335	1.4789031022371	0.1893018486390
-4.2892402303661	0.9268966956921	-3.3623435346740	33.5809531014482	1.4986293685617	0.1554673754697
-4.5203356182707	1.0321414860888	-3.4881941321819	34.6917701142625	0.3546694637788	0.1606100468253
-4.4896036037584	0.9900233046609	-3.4995802990975	38.9097524905742	0.6531918160261	0.1801377430119
-4.4019078572965	1.1692768521716	-3.2326310051249	33.7896723384345	0.9834044283508	0.1564336682335
-4.4053639976893	0.9819155798736	-3.4234484178157	37.9805722871013	0.1248728699475	0.1758359828107
-4.6058801104383	0.9653227022043	-3.6405574082341	44.2436018236030	0.5563402751231	0.2048314899241
-4.4435803730883	1.0069342261340	-3.4366461469543	33.9516441887863	1.8572161710927	0.1571835379110
-4.3770396446543	1.0999837316270	-3.2770559130272	29.4092476971610	1.2086235573097	0.1361539245239
-4.3236599311049	1.0520773314930	-3.2715825996119	31.6982954798927	0.9349664467085	0.1467513679625
-4.3544008132949	1.0169517270436	-3.3374490862513	36.6563596147964	0.3024263777078	0.1697053685870
-4.2818904625736	0.9403789600184	-3.3415115025552	30.0967218926711	0.4594260304058	0.1393366754290
-4.4881946570860	0.8940312915166	-3.5941633655694	37.1920107186344	0.1815123319477	0.1721852348085
-4.4716302700431	0.9418852628155	-3.5297450072276	42.6888364229972	1.2058364148619	0.1976335019583
-4.4799229420688	0.9271361939626	-3.5527867481062	42.5930252672763	1.3679500894165	0.1971899317929
-4.4752896495878	1.0502211633438	-3.4250684862439	35.9639763840171	1.3128787961127	0.1664998906667
-4.5020183736431	0.9604412174826	-3.5415771561606	36.1592204009655	3.7658403597790	0.1674037981526
-4.3312220148681	0.9275599928461	-3.4036620220220	37.1470165572326	1.3764265673627	0.1719769285057
-4.4390279030251	0.9445241765875	-3.4945037264376	34.1825429947445	1.6913956269268	0.1582525138646
-4.2578916637278	1.0222651345310	-3.2356265291968	32.2316172673225	0.8622534756083	0.1492204503117
-4.4817808618126	0.9414674850625	-3.5403133767501	35.0546962036359	0.2865983524020	0.1622902602020
-4.3734764474026	1.0429782732223	-3.3304981741804	34.7503306137133	1.1881125310120	0.1608811602487
-4.4059275590398	0.9945530349001	-3.4113745241397	35.7352860419222	1.1208247243006	0.1654411390830
-4.3056966146766	0.8983242609856	-3.4073723536909	39.8616061900978	0.5203942765265	0.1845444731023
-4.4472314141934	1.1052499937570	-3.3419814204364	38.5111444316335	0.8017884635465	0.1782923353316
-4.4637576769651	0.9294003680039	-3.5343573089611	40.2183359762446	0.7028595783447	0.1861959998900
-4.3732922739812	1.0014006772034	-3.3718915967778	35.8917597920474	0.0261288001648	0.1661655545928
-4.4330392048704	1.0212911292247	-3.4117480756457	37.8812490458765	0.4481298992055	0.1753761529902
-4.3572279029746	1.0311833271870	-3.3260445757876	40.6557769124237	0.9147630731566	0.1882211894094
-4.3093511308335	0.8931913665944	-3.4161597642391	30.9002001332679	0.7317217846134	0.1430564820985
-4.3731298735945	1.0615733030836	-3.3115565705109	28.5938457414172	3.6636406095791	0.1323789154695
-4.4160564390958	1.0041300789922	-3.4119263601036	37.4653467078683	0.5324859299598	0.1734506792031
-4.5118032560033	1.0154057422997	-3.4963975137036	29.6642123545817	0.7382481568390	0.1373343164564
-4.4425050856707	0.9559646710622	-3.4865404146084	32.9976996244050	0.1083045840269	0.1527671278908
-4.4286134804746	0.9750952644147	-3.4535182160599	39.0729535503739	0.5779873981539	0.1808933034740
-4.3323447836546	1.0658020213855	-3.2665427622692	32.1864837347054	1.4033273559586	0.1490114987718
-4.4547812996983	1.0030896273827	-3.4516916723155	37.0716050313904	2.0440924680793	0.1716278010713
-4.5635671809200	1.0026570021864	-3.5609101787336	34.4188886218339	0.1849181225771	0.1593467065826
-4.3135978557877	1.0401331639360	-3.2734646918516	30.5112664364981	2.2514863860871	0.1412558631319
-4.4048713346957	0.9848406650436	-3.4200306696521	30.0568879106272	2.3407338262388	0.1391522588455
-4.5440109829381	0.9334928098356	-3.6105181731026	39.7005489389209	0.4995024957777	0.1837988376802
-4.5021678915757	0.9646534872413	-3.5375144043344	38.9847830224969	0.6832972581278	0.1804851065856
-4.3514378061127	0.9618856134007	-3.3895521927120	32.4257444825574	0.4938541421660	0.1501191874192
-4.4099792103486	1.0025324995507	-3.4074467107979	36.6966955490533	0.9877274854353	0.1698921090234
-4.4269375119313	1.0496664190103	-3.3772710929210	35.8498039284041	0.4170282237997	0.1659713144834
-4.3582941079721	1.0455346794882	-3.3127594284839	37.6740579947306	0.7101469620672	0.1744169351608
-4.5097090215230	0.9431038024893	-3.5666052190337	43.2967053085943	0.3233558731966	0.2004477097620
-4.4266402851214	0.9723283282303	-3.4543119568910	33.5753233985020	2.0784469173417	0.1554413120301
-4.5147717216713	0.8828329147166	-3.6319388069547	40.6564567687296	0.9308929417150	0.1882243368923
-4.3786822684693	0.9367139332902	-3.4419683351791	34.7564090251106	0.4415075878484	0.1609093010422
-4.2877246325288	0.8977548606529	-3.3899697718758	31.9666008953114	0.4745166383385	0.1479935226635
-4.3751455926384	0.9431793944023	-3.4319661982361	28.9515901443768	1.3928375058081	0.1340351395573
-4.2845763991888	0.9283743018140	-3.3562020973748	29.7003901266478	1.0573782469728	0.1375018061419
-4.4064488395567	0.9370707727220	-3.4693780668347	29.3195086583031	1.1306333943838	0.1357384660107
-4.4832968857306	1.0633272910186	-3.4199695947120	39.8306883140332	0.7870906669644	0.1844013347872
-4.5550289283669	0.9934533906842	-3.5615755376827	38.0122039007273	0.6459030578757	0.1759824254663
-4.4136693934879	1.0281429517159	-3.3855264417720	35.6516385880325	0.8695539948603	0.1650538823520
-4.3577187765440	1.0398831694566	-3.3178356070874	34.0799699505238	0.5273744456429	0.1577776386598
-4.4330206178199	1.0055005943340	-3.4275200234859	41.7240680194449	0.1579263524969	0.1931669815715
-4.3137401947852	0.9532986995209	-3.3604414952644	37.4433050695288	0.4628223022167	0.1733486345812
-4.4475131998651	1.0123495364406	-3.4351636634245	40.9797477499315	0.4893598131416	0.1897210543978
-4.3850887293511	0.9435755811261	-3.4415131482250	33.1326111388030	1.2384042294517	0.1533917182352
-4.3469779624847	0.8936566419084	-3.4533213205763	38.3756176709731	1.6338160679766	0.1776648966249
-4.3597803319128	0.9899140798816	-3.3698662520312	35.5726258804754	1.3783888844303	0.1646880827800
-4.3083461021681	1.0797080908476	-3.2286380113205	27.7789616932646	0.7535890982592	0.1286063041355
-4.4325860921958	0.9735710749164	-3.4590150172795	30.8894800231058	0.5169207561406	0.1430068519588
-4.4411244858533	0.9094030952963	-3.5317213905571	38.5259218783566	0.6175233224896	0.1783607494368
-4.4316394771382	0.9077308143127	-3.5239086628255	39.0215388753386	1.3926660047922	0.1806552725710
-4.4099629688362	1.0026240713174	-3.4073388975188	34.5523808327293	0.3897057880075	0.1599647260775
-4.5094840044250	0.8877510321786	-3.6217329722465	40.2114808500482	0.8736144234093	0.1861642631947
-4.3332699519440	1.1146717444644	-3.2185982074796	31.1296299484465	1.3230695682147	0.1441186571687
-4.4020927851621	0.9304631912017	-3.4716295939604	38.3477488898569	0.9785104196823	0.1775358744901
-4.4052562005447	0.9616814847992	-3.4435747157455	37.4645866097834	1.1125433613321	0.1734471602305
-4.5084515142922	0.9572248002399	-3.5512267140523	41.0805361142848	0.1909835450394	0.1901876671958
-4.5505219224304	0.9005361916178	-3.6499857308126	34.8979363206629	0.1020198434129	0.1615645200031
-4.4927461786941	1.0639526041853	-3.4287935745088	33.4734371436782	0.2573419735631	0.1549696164059
-4.4089635175511	1.0620644866285	-3.3468990309225	27.5010441180989	0.5346302813901	0.1273196486949
-4.5855793987977	1.0453923428914	-3.5401870559063	43.8088954888256	0.4827908458083	0.2028189605964
-4.4851465095471	1.0101584686252	-3.4749880409219	38.7352450756865	2.1267534551811	0.1793298383134
-4.3696391694608	0.9750014112593	-3.3946377582014	34.7559213467846	0.5938342474932	0.1609070432722
-4.3450545848909	0.9431959085949	-3.4018586762960	31.9734985964790	0.9430479424362	0.1480254564652
-4.4376575752255	1.0086921302480	-3.4289654449775	33.5285327757717	0.4944824840094	0.1552246887767
-4.3362125660179	1.0015496264749	-3.3346629395430	31.0506134738333	0.4681915994668	0.1437528401566
-4.3328829887107	0.9911294430681	-3.3417535456426	36.3324966721108	0.8749825940848	0.1682060031116
-4.2443207913357	0.9251576213428	-3.3191631699929	25.6723389272112	0.8391117912428	0.1188534209593
-4.3788269015281	0.9587448816827	-3.4200820198454	36.0669365870038	0.6395351433839	0.1669765582732
-4.3923292100817	1.0066899305552	-3.3856392795265	41.8169505082013	0.6590079606895	0.1935969930935
-4.3576179566364	1.0373765269157	-3.3202414297207	34.8619238344478	0.6802319253125	0.1613977955299
-4.3972047559427	0.9818149681135	-3.4153897878292	37.7114517787814	0.3899444609825	0.1745900545314
-4.4413348322347	0.9470156564539	-3.4943191757808	36.0542657340764	1.2084905339427	0.1669178969170
-4.4491973355938	1.0322639038181	-3.4169334317757	34.0290875618438	1.5148626560080	0.1575420720456
-4.4182825391280	0.9498900018735	-3.4683925372545	33.4447706849494	0.8310143955209	0.1548369013192
-4.3689701281479	1.0391969429088	-3.3297731852391	27.6785015811511	0.4326189898557	0.1281412110238
-4.2630030975265	1.0595380183711	-3.2034650791554	34.7187359041280	1.0558448135521	0.1607348884450
-4.4510847735942	1.0568322344865	-3.3942525391077	43.3266538833783	0.4257546764392	0.2005863605712
-4.4981489007158	1.0326914319725	-3.4654574687433	40.5921990775393	0.7925546372426	0.1879268475812
-4.5481392873233	1.0076744849163	-3.5404648024071	43.0169820863641	1.2327514520472	0.1991526948443
-4.5250624596624	0.9642077615557	-3.5608546981068	38.5779253509569	0.6280501113611	0.1786015062544
-4.5192933144218	0.9306341338419	-3.5886591805798	34.7978108568730	0.7056780841604	0.1611009761892
-4.2978133394126	1.1032910572250	-3.1945222821876	29.4589913307015	1.4851494573251	0.1363842191236
-4.4626930087949	1.0764206286936	-3.3862723801013	34.9477042075243	0.7085569696245	0.1617949268867
-4.3778470993574	0.9045282029906	-3.4733188963668	34.1319992407607	0.6778140630798	0.1580185150035
-4.3796870930270	0.9176752119176	-3.4620118811093	30.6066231458771	3.0631564324906	0.1416973293791
-4.4205100765031	1.0832449749246	-3.3372651015785	35.0937209180001	1.0866837297469	0.1624709301759
-4.3402494295898	1.0416627703231	-3.2985866592667	30.2672923161060	2.3447344986558	0.1401263533153
-4.4302593688954	0.9835936958404	-3.4466656730550	31.1782681809725	1.5275729028158	0.1443438341712
-4.4131947416770	0.9757541714488	-3.4374405702282	36.8301418715000	0.4258895437725	0.1705099160718
-4.2642905489577	0.9736698821659	-3.2906206667918	29.4718991263783	1.6241572960952	0.1364439774369
-4.4395823549459	0.9585524702855	-3.4810298846604	38.9440652031651	1.1417197223773	0.1802965981628
-4.5321782929730	1.0744904696665	-3.4576878233064	40.6162199900623	1.2531148470882	0.1880380555095
-4.3323521488700	1.0212791067132	-3.3110730421568	30.7361188280925	0.5691381936769	0.1422968464264
-4.4987380998314	1.0252381749263	-3.4734999249051	35.7955063470184	0.4204925561283	0.1657199367918
-4.3390376592262	1.0708276179144	-3.2682100413118	32.9241985180202	0.8834538474049	0.1524268449908
-4.4787774311992	0.9509004844893	-3.5278769467099	40.0891480757579	0.5760939668502	0.1855979077581
-4.5080895370966	1.1336311902033	-3.3744583468933	40.0110594024745	0.7690522048622	0.1852363861226
-4.4499182686248	0.9574431688187	-3.4924750998061	38.6611708288720	0.6785792951353	0.1789869019855
-4.2383268846427	0.9096369669695	-3.3286899176732	25.7370635272501	0.9049674741666	0.1191530718854
-4.4219343760865	0.9820651909017	-3.4398691851849	36.6335307092304	0.2049016291421	0.1695996792094
-4.3964754168730	1.0265391286431	-3.3699362882299	37.0314767388936	1.2473793572897	0.1714420219393
-4.3511662826720	1.1230495237106	-3.2281167589614	26.3776676416993	3.2167283562079	0.1221188316745
-4.5215557774990	1.0571998786235	-3.4643558988756	38.5165103216203	1.3365376712105	0.1783171774149
-4.5586658504903	0.9084136149753	-3.6502522355150	33.6206593807787	0.7069728733084	0.1556512008369
-4.3117171900978	1.0186856875481	-3.2930315025497	32.1838081290667	0.4991047100229	0.1489991117086
-4.5325546829144	0.9981503912806	-3.5344042916338	40.1712420684398	0.8988261432127	0.1859779725391
-4.5904178550415	1.0534762691889	-3.5369415858526	40.4996054835726	1.2853461316504	0.1874981735351
-4.4180295868887	0.9545859788952	-3.4634436079935	34.0452304109619	1.6425137199830	0.1576168074582
-4.3758551338799	1.0055479010226	-3.3703072328572	32.5095578547899	0.2631539989603	0.1505072122907
-4.4086199266240	1.0089971561726	-3.3996227704514	37.4379509819394	0.3095831383796	0.1733238471386
-4.4742630245917	1.1290235750407	-3.3452394495510	43.1457038266395	1.2226486969873	0.1997486288270
-4.5930584605943	0.9686576665221	-3.6244007940722	37.3092078951444	0.5289891111308	0.1727278143294
-4.3515065049696	1.0159810145226	-3.3355254904470	31.4813399752976	1.6589277166735	0.1457469443301
-4.4883194596314	0.8648228312658	-3.6234966283656	37.8807728899127	0.5102574770426	0.1753739485644
-4.4605913115824	0.8955612433704	-3.5650300682120	41.8146327364455	1.1234079759128	0.1935862626687
-4.4029944831243	1.0186017787058	-3.3843927044185	40.3008389764925	0.7147407150718	0.1865779582245
-4.5271310357512	1.0775055918928	-3.4496254438583	33.4827147828420	2.3888939827880	0.1550125684391
-4.4864548383333	0.9969468696657	-3.4895079686675	35.4100903388821	0.1909184089061	0.1639356034208
-4.4915341336660	1.0243111892855	-3.4672229443805	39.4235763763073	1.0860640512870	0.1825165572977
-4.2436278087896	1.0191387043636	-3.2244891044260	30.0127418887473	1.4460201599367	0.1389478791146
-4.3714734107366	1.0372624446534	-3.3342109660832	39.1060500241281	0.6339703171349	0.1810465278895
-4.3903358839680	1.0065525486460	-3.3837833353220	35.3447160344090	0.3192800571516	0.1636329446037
-4.2994112952806	0.9717185579418	-3.3276927373388	36.2134818197434	0.5397515408568	0.1676550084247
-4.5241964386771	0.9792328875072	-3.5449635511699	42.3071065852769	1.3198216338376	0.1958662341911
-4.2916693386537	0.9390097740402	-3.3526595646135	29.3305443808812	0.7178085246818	0.1357895573189
-4.5243487101098	0.9210773729779	-3.6032713371319	34.0536266629550	1.5516664333837	0.1576556789952
-4.3010439363393	1.0268253003499	-3.2742186359895	36.8536678896934	0.2636584385834	0.1706188328227
-4.3761213120629	0.9331626370574	-3.4429586750055	30.1690211425901	0.4796393224159	0.1396713941787
-4.3045376566287	1.0151062442342	-3.2894314123946	37.5691242477737	0.3186306578208	0.1739311307767
-4.4538065360132	0.8305312266624	-3.6232753093508	39.4933454972979	0.7125517532292	0.1828395624875
-4.3708418492704	1.1198828988169	-3.2509589504535	31.5680030072133	1.0799376967011	0.1461481620704
-4.3736115940080	1.0573448790318	-3.3162667149762	29.3270894717611	2.5724968016137	0.1357735623693
-4.3820085332176	0.9805487591070	-3.4014597741105	38.4547350513825	0.1989978711875	0.1780311807934
-4.4460742700903	0.9638339805196	-3.4822402895707	29.2840262135547	1.7206205541637	0.1355741954331
-4.5326619735284	0.9790450543878	-3.5536169191406	41.5953903085789	0.5318181686788	0.1925712514286
-4.4172711739167	1.0385730964303	-3.3786980774864	32.0910187338623	2.8407630074174	0.1485695311753
-4.3224469357517	1.0129896202415	-3.3094573155102	30.4522659312518	0.3805384109429	0.1409827126447
-4.3263918223584	1.1463327265912	-3.1800590957672	36.9256064368884	0.7216331092199	0.1709518816523
-4.2690997462719	0.9972051414388	-3.2718946048331	29.0745787048320	0.6212724788396	0.1346045310409
-4.5198915893201	1.1299557927124	-3.3899357966077	35.2223472709733	1.5479753786684	0.1630664225508
-4.5464482391258	1.0223603048829	-3.5240879342428	37.6481637263917	0.4334241813663	0.1742970542889
-4.6178358894767	1.0429478378396	-3.5748880516371	33.5208585212001	1.1745619304555	0.1551891598204
-4.2481932409595	1.0078925254121	-3.2403007155474	34.5244120467673	0.2738042574241	0.1598352409573
-4.2111274025005	0.9429991893403	-3.2681282131602	27.7297807367392	1.4073214621091	0.1283786145219
-4.3520810896261	0.8579038570948	-3.4941772325314	40.1238082666090	0.3618715652151	0.1857583716047
-4.2830192848241	0.9189711726301	-3.3640481121941	33.5842157567533	0.7639888123174	0.1554824803553
-4.4083719539087	1.0137666186083	-3.3946053353004	33.0775492921297	0.6313399266920	0.1531368022784
-4.4755240434615	1.0534236987937	-3.4221003446679	36.3021310013609	1.3816115918847	0.1680654213026
-4.2131916836804	0.9444846024340	-3.2687070812464	23.7644348371298	1.1465713720936	0.1100205316534
-4.3389604245347	1.0956484325602	-3.2433119919745	34.2442315804761	2.1118328821935	0.1585381091689
-4.5114879282287	0.9729105221962	-3.5385774060325	39.6721366336865	1.0139994048999	0.1836672992300
-4.5019281902478	1.0029117609930	-3.4990164292547	30.6546425586624	1.9879754968026	0.1419196414753
-4.4238758840477	1.0348772677483	-3.3889986162994	32.6054683795632	0.7106486680132	0.1509512424980
-4.4860289541759	1.0447502957953	-3.4412786583806	36.6894079690955	1.0416028957765	0.1698583702273
-4.4780027739188	1.1074596489166	-3.3705431250022	39.7582791107540	1.1784112321237	0.1840661069942
-4.4797471252163	1.1331312876221	-3.3466158375942	34.3625355130340	1.3803572016494	0.1590858125603
-4.3744220322800	1.1405735076603	-3.2338485246198	35.7214907303488	0.8221462610819	0.1653772718998
-4.3859164037388	1.1449768699675	-3.2409395337713	36.3235189914474	0.5545450355010	0.1681644397752
-4.4897083109314	1.0863594428728	-3.4033488680586	36.6509111342807	1.3195960292453	0.1696801441402
-4.4526225518895	0.8978687983926	-3.5547537534969	36.6044754981153	1.3451313131455	0.1694651643431
-4.4763537145745	0.9452287988411	-3.5311249157333	35.0782679531521	1.4951961354495	0.1623993886720
-4.5946248912657	1.0214629934558	-3.5731618978099	37.2165264062318	1.1496603100682	0.1722987333622
-4.5563199616222	0.9501096527437	-3.6062103088786	42.8908089437801	1.7568724356236	0.1985685599249
-4.3910744906060	1.0167067378052	-3.3743677528008	34.8173024590342	1.3848694213145	0.1611912150881
-4.2834288767408	0.9152645448669	-3.3681643318739	24.6330208055073	0.8655784271809	0.1140417629885
-4.4789842813364	1.1818786533083	-3.2971056280281	31.4778152861255	1.8880752972591	0.1457306263247
-4.3953600344871	1.0759854253837	-3.3193746091033	30.0275974915811	2.4852164064077	0.1390166550536
-4.5724497204790	1.0713877477042	-3.5010619727747	39.3963921734872	1.6433732535707	0.1823907045069
-4.3418093790467	0.9542155424237	-3.3875938366230	32.6579838747136	1.4332606499387	0.1511943697903
-4.2972448808929	1.0249812023099	-3.2722636785830	36.4429134332406	0.3882167305155	0.1687171918206
-4.3826836052827	1.0043322316224	-3.3783513736602	34.6884757672139	0.9120480014230	0.1605947952186
-4.4551559521320	0.9607286965990	-3.4944272555330	40.8505434850671	0.1923190836512	0.1891228865049
-4.4012681827358	1.1013556305737	-3.2999125521621	36.7994503320017	0.8248024408681	0.1703678256111
-4.4807544421384	1.1184801223273	-3.3622743198111	33.2662625907953	0.5419812771803	0.1540104749574
-4.3067685931029	0.9370229920524	-3.3697456010504	27.1676752706502	1.0156777322595	0.1257762744012
-4.4214184391527	1.0960599334848	-3.3253585056679	34.7704888180187	0.5913917396162	0.1609744852686
-4.4246283090712	0.9388591887615	-3.4857691203096	37.2558029497351	1.5178393396320	0.1724805692117
-4.3155634753380	0.9658881296055	-3.3496753457324	26.9890959818716	1.4479876035349	0.1249495184346
-4.3300610697429	1.1143963584727	-3.2156647112702	28.1709637220149	0.4202542939967	0.1304211283427
-4.3573388072797	0.9619680710925	-3.3953707361872	32.0379137963299	1.0557541738179	0.1483236749830
-4.5268361954503	1.1017297872616	-3.4251064081887	37.6377676540627	1.2216264718659	0.1742489243244
-4.3811177713766	0.9065293172748	-3.4745884541017	35.5838915236396	0.6716267857901	0.1647402385354
-4.4088126730912	1.1292448941229	-3.2795677789683	37.1537617673565	0.2625840958398	0.1720081563304
-4.4871053620674	1.0133793958219	-3.4737259662455	43.8641400450921	0.5194444141854	0.2030747224310
-4.3331756616484	0.9130987413105	-3.4200769203378	30.2270889348913	0.3101710915384	0.1399402265504
-4.3882049665398	1.0570440350031	-3.3311609315367	40.9930307400481	0.6342826623602	0.1897825497224
-4.3632881885005	0.9362758638353	-3.4270123246653	30.4489380764317	1.9174198601876	0.1409673059094
-4.3100288151418	0.9077561915635	-3.4022726235783	39.4445583340133	0.8189251684823	0.1826136959908
-4.4769037173728	1.0620011111562	-3.4149026062166	36.5348896658231	1.2670343446806	0.1691430077121
-4.5392508899291	0.9701152571858	-3.5691356327433	34.4199537343981	0.7453990701689	0.1593516376593
-4.3441086881170	0.9986192849571	-3.3454894031599	31.2737929264115	0.4706716758148	0.1447860783630
-4.4935101953000	0.9810502940853	-3.5124599012146	39.9605966513672	0.5331706113851	0.1850027622748
-4.5092630885030	0.9806449097429	-3.5286181787601	33.9183088737396	1.0757622586364	0.1570292077488
-4.3911312999909	1.0373588791476	-3.3537724208433	32.3218275192109	0.1237096906417	0.1496380903667
-4.3432444251632	0.9316959488583	-3.4115484763049	29.1994310739586	0.8962584896151	0.1351825512683
-4.5567098998373	0.9654379914723	-3.5912719083651	29.9290076413613	0.8883315563022	0.1385602205619
-4.2554369547375	1.0261896469814	-3.2292473077562	29.0177938294125	0.1425205970370	0.1343416380991
-4.2925180197965	1.0071231575113	-3.2853948622852	30.1914535022823	2.0639598603806	0.1397752476958
-4.2192346916327	0.9503732740259	-3.2688614176068	27.5132351594361	1.6328201605396	0.1273760887011
-4.3461883195094	1.0028823275792	-3.3433059919303	26.2800412367550	0.2031327018761	0.1216668575776
-4.3222514518880	1.0591996983529	-3.2630517535352	28.7450553359670	1.5146170086509	0.1330789598887
-4.4891988544936	0.9534912402253	-3.5357076142684	36.7870199826108	0.8613389441015	0.1703102776973
-4.3107241926829	0.9328864137839	-3.3778377788990	28.8909466214808	0.8589043290734	0.1337543825069
-4.3546073542186	1.0127116675859	-3.3418956866327	32.0346825186021	1.4286297095519	0.1483087153639
-4.4524404770708	0.9853999413702	-3.4670405357006	43.0559764399500	0.9199535151803	0.1993332242590
-4.4698933671535	0.8718419807967	-3.5980513863568	32.0424530899099	1.3496684883979	0.1483446902311
-4.4532908787832	1.1646087382508	-3.2886821405324	40.4762113652955	0.2540235521610	0.1873898674319
-4.4305639807961	0.9391035574612	-3.4914604233350	36.4697729022289	0.7853541553215	0.1688415412140
-4.3571195298162	1.0868902652492	-3.2702292645671	37.4530043586031	0.8286556650096	0.1733935386972
-4.4064198023197	0.8892017866354	-3.5172180156843	35.0778226888780	1.5875234042737	0.1623973272633
-4.2195545649359	1.0485966649466	-3.1709578999893	23.5166292704349	0.9321309178397	0.1088732836594
-4.3183549011819	0.9776705004454	-3.3406844007366	30.7260024984454	1.6263175810881	0.1422500115669
-4.3574480084415	0.8849601762561	-3.4724878321853	31.5889993445469	0.3968815332714	0.1462453673359
-4.3087906211350	0.9026787141104	-3.4061119070246	33.8201691818376	1.4076204995892	0.1565748573233
-4.4423388951093	1.0132563744594	-3.4290825206499	37.9498191321129	1.3175063132124	0.1756936070931
-4.3958124026790	1.0389893204504	-3.3568230822287	37.4216782680188	1.0200327868279	0.1732485105001
-4.2941162585376	1.0049862899511	-3.2891299685866	34.6999811406137	0.4556782992035	0.1606480608362
-4.4289806376336	0.8970758226071	-3.5319048150266	37.1614026616266	0.5806949839982	0.1720435308409
-4.5067505689882	1.0120614595607	-3.4946891094275	38.3890596052557	1.3180329113069	0.1777271278021
-4.3345609186697	1.0766910780393	-3.2578698406304	29.9761445073463	1.0400068749929	0.1387784467933
-4.4153068489279	0.9974289152097	-3.4178779337182	33.2380014375284	1.8782312834511	0.1538796362849
-4.5041266206007	0.9209917626146	-3.5831348579861	41.7800233498393	1.1471149495298	0.1934260340270
-4.5901250680707	0.8823530075085	-3.7077720605622	36.0470414947296	2.3338220813210	0.1668844513645
-4.4181873793509	0.9607003521923	-3.4574870271587	33.8268767899957	1.4068065955719	0.1566059110648
-4.2547621075232	0.9810846868689	-3.2736774206542	33.5575184863604	0.8751299003376	0.1553588818813
-4.3456742187564	1.0415239359024	-3.3041502828540	33.4710100333217	1.2002786131588	0.1549583797839
-4.4496340149483	1.0398746966885	-3.4097593182598	35.3093884985451	1.0956704968551	0.1634693911970
-4.5936650241532	0.9689416956239	-3.6247233285293	39.0558638027312	1.5254390796769	0.1808141842719
-4.4870284477411	1.1585669299179	-3.3284615178232	39.2804482856884	1.1137285501284	0.1818539272486
-4.4689114365087	1.0882483767947	-3.3806630597140	39.4033409662124	0.5382815193923	0.1824228748436
-4.5005189319405	0.9505243277245	-3.5499946042160	30.1853823170741	2.8526030773668	0.1397471403568
-4.4774038239169	0.9088296082613	-3.5685742156556	40.1581247655491	0.7546721061922	0.1859172442849
-4.4264809604154	0.9146971015091	-3.5117838589063	27.6605592397893	3.6802901986616	0.1280581446287
-4.4313789507321	0.9693979444886	-3.4619810062435	35.3182128893319	0.2097644474326	0.1635102448580
-4.4956475557332	0.9662495444338	-3.5293980112994	41.1886364230625	0.8549695427053	0.1906881315883
-4.5280812425281	0.9450335865227	-3.5830476560054	38.7322869321627	0.6437435862840	0.1793161432045
-4.2934518931310	0.9791921650473	-3.3142597280836	31.0372679876586	0.5618141965340	0.1436910554984
-4.4024618182593	1.0175427745610	-3.3849190436983	36.9469139944588	0.7117683346221	0.1710505277521
-4.3969451430284	1.1507077325256	-3.2462374105028	41.3566131863226	0.3044434367263	0.1914658017885
-4.3816661501742	0.8623505726905	-3.5193155774837	30.5150955270124	0.4666655472578	0.1412735904028
-4.2743850363887	0.9195176469084	-3.3548673894803	31.5503934347350	0.5881780252016	0.1460666362719
-4.2827796319900	0.9706421725809	-3.3121374594091	32.3737923643003	1.5700646489380	0.1498786683532
-4.4973292029998	0.9651596918788	-3.5321695111210	42.5510358557489	0.3051056682155	0.1969955363692
-4.3710382808732	0.8844226054173	-3.4866156754560	38.8720888028289	1.4613961140397	0.1799633740872
-4.5155274578840	1.0350989342305	-3.4804285236535	37.8384033807969	1.4433362096988	0.1751777934296
-4.4788617254624	0.9453766078510	-3.5334851176114	40.5786684120603	0.2780319454499	0.1878642056114
-4.3386720826177	1.0392022805314	-3.2994698020862	37.5245613844079	0.9045078067785	0.1737248212241
-4.3140549602577	0.9113596090544	-3.4026953512033	38.1475082147305	0.2467024807268	0.1766088343275
-4.5282953314040	0.9715335430922	-3.5567617883118	39.4938385358905	0.4576523159241	0.1828418450736
-4.2316854683240	0.9668623942720	-3.2648230740520	27.3989387693070	1.4280586712463	0.1268469387468
-4.3911581757951	1.0769287718793	-3.3142294039158	38.5887803707976	0.2601758755885	0.1786517609759
-4.4428201649067	1.1189388113088	-3.3238813535979	31.8772135740893	3.0116944058581	0.1475796924726
-4.4025269334741	0.9771528062366	-3.4253741272375	29.1493508239843	2.9867720488139	0.1349506982592
-4.4304485374291	1.0259981644780	-3.4044503729510	30.2540967786136	0.4691854776170	0.1400652628640
-4.4002929570379	0.9379274541517	-3.4623655028863	37.0742461946905	0.6462677148937	0.1716400286791
-4.3390996355324	0.9457751586458	-3.3933244768866	31.6667651487877	2.7601937790124	0.1466053942074
-4.4638297096941	1.0551838258132	-3.4086458838810	40.9419963668896	1.0132208952412	0.1895462794763
-4.3528525026440	0.9453710926445	-3.4074814099995	32.1403116064390	1.3472989503821	0.1487977389187
-4.4625873865409	0.9663623951454	-3.4962249913955	39.2917055462116	1.1882840837242	0.1819060441954
-4.3671368104143	1.1017757802025	-3.2653610302118	33.4543027002312	1.1230577261970	0.1548810310196
-4.3830733089583	1.0339053310732	-3.3491679778851	36.3775276596713	2.0813103190956	0.1684144799059
-4.2968120445490	0.9192379915900	-3.3775740529590	32.8266010600619	1.1452994571799	0.1519750049077
-4.4625085223938	0.9835559427213	-3.4789525796725	39.8647119903091	1.9631614401112	0.1845588518070
-4.4984638223466	0.9817090096621	-3.5167548126845	38.5884575119485	0.5269327749757	0.1786502662590
-4.4089533084422	1.0264533854862	-3.3824999229561	35.7995068606837	0.8829695719202	0.1657384576884
-4.4302652292353	0.9569682644856	-3.4732969647497	30.9064653472134	1.4013702236350	0.1430854877186
-4.2520095484831	1.0501995516589	-3.2018099968242	32.6673282893673	0.8100312781097	0.1512376309693
-4.3580484212926	0.9535250157928	-3.4045234054998	33.1840291390362	0.6447743676590	0.1536297645326
-4.4221773682790	1.1953543333009	-3.2268230349781	37.8356451636656	0.4607230028278	0.1751650239059
-4.4127888946878	1.0787863543094	-3.3340025403784	35.7915008665785	0.7706452356019	0.1657013929008
-4.5417902760757	1.0154207331849	-3.5263695428908	42.4395797952810	1.7073042247599	0.1964795360893
-4.3469346432038	1.0805066084202	-3.2664280347836	31.7423936799766	0.8693454017485	0.1469555262962
-4.1823998479806	1.0094922916742	-3.1729075563064	31.5351072044210	0.9509893926684	0.1459958666871
-4.3736633940855	0.9810043774573	-3.3926590166281	38.1646430953489	0.2596341373709	0.1766881624785
-4.3875128430851	1.0087794109784	-3.3787334321066	34.7356313813305	0.3113291599741	0.1608131082469
-4.4105419985840	1.0526596795305	-3.3578823190536	31.9632217446476	1.4175979922401	0.1479778784474
-4.3682011077380	1.0627521567535	-3.3054489509845	33.5483217436738	0.4148584819223	0.1553163043689
-4.3841175794846	1.0568978496552	-3.3272197298294	33.9391195932244	0.6181909630818	0.1571255536723
-4.3337217266285	1.0471097554968	-3.2866119711316	28.3540801129650	1.2482914417000	0.1312688894119
-4.4381439623758	1.0026086004248	-3.4355353619509	35.4985346808240	1.2132933896583	0.1643450679668
-4.4928441727178	1.1180658972553	-3.3747782754625	31.6498712657363	0.5977519803304	0.1465271817858
-4.5246020970095	0.9671713389503	-3.5574307580592	37.5838251842556	2.2869773229076	0.1739991906678
-4.2777484462545	0.8839811160465	-3.3937673302080	28.9645708569040	0.6504134236434	0.1340952354486
-4.5210522041636	1.0831043923675	-3.4379478117960	37.4723865978546	0.7413940036036	0.1734832712864
-4.3130029271235	0.9829766678308	-3.3300262592926	33.3854379181345	1.1420805353606	0.1545622125840
-4.4206325530430	0.9571051554153	-3.4635273976277	35.2797746730084	0.4250977943391	0.1633322901528
-4.5100128016750	1.1632210857224	-3.3467917159526	36.4637329996803	0.2809317014572	0.1688135787022
-4.5035687389447	0.9175990863502	-3.5859696525944	42.5723550174092	0.6820052835277	0.1970942361917
-4.4936912049924	0.9726984320779	-3.5209927729146	30.2508798997040	2.2474334597008	0.1400503699060
-4.3308360840070	0.9459253691259	-3.3849107148812	33.5389583681727	1.4161084722560	0.1552729554082
-4.3067888232528	0.9220769190018	-3.3847119042510	31.7885373965702	1.1930083259297	0.1471691546138
-4.4640326448786	1.0641702111900	-3.3998624336886	31.6485876454072	1.6530187279975	0.1465212390991
-4.4684076856139	0.9206403787942	-3.5477673068197	42.6195458945825	1.9682093585041	0.1973127124749
-4.4711019272540	1.0040555769537	-3.4670463503003	39.3695333821862	0.6593963722593	0.1822663582509
-4.4985173159526	0.9437506646669	-3.5547666512856	34.5226021841336	1.9712048755269	0.1598268619636
-4.4021112392969	0.9029083232839	-3.4992029160130	35.5149037117104	1.8716632731352	0.1644208505172
-4.3616705568710	0.9499191721442	-3.4117513847268	37.9844883172258	0.3826411723370	0.1758541125797
-4.3991503334521	1.0796190661660	-3.3195312672861	33.9686066703550	0.5661097325574	0.1572620679183
-4.4221836321666	1.0194370319529	-3.4027466002136	25.9106276015988	0.9454171113847	0.1199566092667
-4.5947977928334	0.9783987821265	-3.6163990107070	38.8770137129236	0.6341139948603	0.1799861745969
-4.3818040102091	1.0321884386795	-3.3496155715296	37.2839044748565	0.4098428621879	0.1726106688651
-4.3759522788798	0.9754767757106	-3.4004755031692	32.1478295265358	0.6289036502778	0.1488325441043
-4.3065784722546	0.8462206252166	-3.4603578470380	32.3212799580091	0.6989333585694	0.1496355553612
-4.4257058469191	1.1271169662004	-3.2985888807187	36.3188448412705	0.7474320653624	0.1681428001911
-4.3214364886232	0.9019286877072	-3.4195078009160	32.2490837189603	1.4941950801447	0.1493013135137
-4.3757778517539	0.9456981610516	-3.4300796907023	32.8218197066290	0.6069861826149	0.1519528690122
-4.3931743675173	0.9241400571834	-3.4690343103340	33.5280617391383	0.6006609714850	0.1552225080516
-4.3824965389865	1.1535631583717	-3.2289333806148	38.3198138679991	2.0632932817742	0.1774065456852
-4.2285360376263	0.9998901369276	-3.2286459006987	32.5235512443173	0.5954756047253	0.1505719965015
-4.4719142069169	1.0178035239372	-3.4541106829797	34.3550142733994	0.8428030510831	0.1590509920065
-4.2586174870350	1.0830410112732	-3.1755764757618	34.8591672324584	0.2461828087837	0.1613850334836
-4.2764379758181	0.8697380441160	-3.4066999317021	32.3390022306805	1.5306195868816	0.1497176029198
-4.3037760389831	0.9859554010547	-3.3178206379284	34.6978520635443	1.7347735834716	0.1606382039979
-4.3531906712385	0.8935243687070	-3.4596663025316	33.0849913286354	0.7887405565294	0.1531712561511
-4.3490958276000	1.0281265033627	-3.3209693242373	34.4090056991227	1.6108854566601	0.1593009523108
-4.3837336825418	0.9942310444494	-3.3895026380924	36.9315147673219	1.3632487096176	0.1709792350339
-4.4147328550664	1.0262165966005	-3.3885162584659	30.0978413679742	0.6840071228544	0.1393418581851
-4.4775504589431	0.9551321488550	-3.5224183100881	42.2213402615838	0.8648192078885	0.1954691678777
-4.2704721907281	0.9065220068668	-3.3639501838613	30.1657169245046	0.4126208787233	0.1396560968727
-4.5387076492441	0.8916986266705	-3.6470090225736	33.8416121534451	2.0101105911083	0.1566741303400
-4.4319428385174	0.9557338043538	-3.4762090341636	37.0582255221493	0.3269553132815	0.1715658588988
-4.4099182562574	0.8946749103676	-3.5152433458898	39.1093857781099	0.7273552888076	0.1810619711950
-4.4754974886829	0.8301986287628	-3.6452988599201	39.0766090432204	0.8644729578283	0.1809102270519
-4.5060625834859	0.9417758849025	-3.5642866985834	37.5529360210654	0.6379334760353	0.1738561852827
-4.4881040186039	0.8930127515774	-3.5950912670265	40.2448523757226	0.8087485472062	0.1863187609987
-4.5562618589253	0.9279472298190	-3.6283146291063	41.6188208431679	0.4517052558329	0.1926797261258
-4.5155581802925	1.0593908373245	-3.4561673429680	40.8896720703482	0.4330255496646	0.1893040373627
-4.4109466960219	1.0897045955834	-3.3212421004384	28.7855361701242	1.9406054557483	0.1332663711580
-4.3369480559984	1.0576355436842	-3.2793125123142	32.9368358968021	1.1702216671977	0.1524853513741
-4.3738237257564	1.0716048880428	-3.3022188377136	40.2407852818368	0.6954678501986	0.1862999318604
-4.2870239083141	0.9352050732072	-3.3518188351069	36.3371569620625	0.1088401330184	0.1682275785281
-4.4266672293750	1.0430858371813	-3.3835813921937	33.2936672590013	1.7049273676826	0.1541373484213
-4.3770227227188	1.0617020373927	-3.3153206853261	35.5663695248459	0.4267820053088	0.1646591181706
-4.3891996112304	1.0015769039802	-3.3876227072502	37.1065687033191	0.3886482081978	0.1717896699228
-4.4300866650140	1.0183090898000	-3.4117775752140	35.6154436178908	1.5652838343302	0.1648863130458
-4.4893588413236	1.0604101799708	-3.4289486613528	36.1730180674350	1.0289914214409	0.1674676762381
-4.3693379282745	1.0224003179803	-3.3469376102942	33.2154469490287	1.6864810280260	0.1537752173566
-4.3948569601982	1.0516567552014	-3.3432002049968	35.5920710717779	0.4508809823321	0.1647781068138
-4.3324667165849	1.1542753378514	-3.1781913787335	36.0543576719789	0.5596779864867	0.1669183225555
-4.4363700637603	0.9037481597063	-3.5326219040540	31.7467295582674	1.1758351523977	0.1469755998068
-4.2778821924050	1.0449141489864	-3.2329680434186	32.6405501549552	0.6927641236168	0.1511136581248
-4.4565480569960	0.9643501341482	-3.4921979228478	42.1453526739684	0.4698610049368	0.1951173734906
-4.4121263572620	1.1275985347602	-3.2845278225018	36.2422469495666	0.3059988935159	0.1677881803221
-4.4472770336705	1.0054575773217	-3.4418194563488	39.2384035628534	0.9226942397903	0.1816592757540
-4.5404007609052	1.0950229141139	-3.4453778467913	41.3242990671810	1.0838691580643	0.1913161993851
-4.4514388024502	0.9857534345494	-3.4656853679008	40.9980526400560	1.3558500341808	0.1898057992595
-4.4471544875010	0.9981427432537	-3.4490117442473	36.1872432575745	0.6038560953340	0.1675335335999
-4.4882459481500	0.9063718650673	-3.5818740830827	32.5213384755556	1.5920241630983	0.1505617522016
-4.4960170630605	1.1179223564431	-3.3780947066175	35.2800566397741	1.9320231495719	0.1633335955545
-4.3436601585984	0.9572089447965	-3.3864512138019	33.4915988580350	1.1907632295434	0.1550536984168
-4.4399159167944	1.0666771492405	-3.3732387675538	35.6921492546674	0.0624787148963	0.1652414317346
-4.4900510866826	1.0123151864717	-3.4777359002109	35.8755853018532	1.8893376803075	0.1660906726938
-4.3955226552683	0.9542158017968	-3.4413068534715	33.0146065668683	0.7715300568991	0.1528454007725
-4.2695082050096	1.0070299354017	-3.2624782696078	34.9741097729020	1.4450564946293	0.1619171748745
-4.2317139438240	0.9889496748355	-3.2427642689885	28.4613886466121	1.2452168383349	0.1317656881788
-4.3497854454275	1.0177851972952	-3.3320002481323	36.9159107509968	1.0940792560265	0.1709069942176
-4.2848789919346	1.0346528018099	-3.2502261901247	28.5786009347259	0.4935112348520	0.1323083376608
-4.4672137292166	1.0424440178264	-3.4247697113901	33.1405449111170	0.7299233371467	0.1534284486626
-4.4516124837069	0.8878107227996	-3.5638017609072	38.7893896271875	0.5917673320616	0.1795805075333
-4.3353419872054	1.0620472873284	-3.2732946998770	34.4047175284537	2.6302992863230	0.1592810996688
-4.3214349648305	0.8944273682390	-3.4270075965915	36.6167390297986	1.3263179220743	0.1695219399528
-4.3791336727954	1.0372626122724	-3.3418710605230	36.4902015100759	0.5390974697386	0.1689361181022
-4.5347769430542	1.0251013427797	-3.5096756002746	41.0905242613299	1.6038983821127	0.1902339086173
-4.4385286374402	1.0355513431660	-3.4029772942742	36.2827625746208	0.3294908771551	0.1679757526603
-4.4936571678850	0.9543242071236	-3.5393329607614	33.4871752708698	2.1219745393652	0.1550332188466
-4.6200254488137	1.0203586240331	-3.5996668247807	45.2799772210073	0.5718572158213	0.2096295241713
-4.6200888129806	0.9069390435774	-3.7131497694033	35.5565923921309	1.2801662841869	0.1646138536673
-4.3398272337476	1.0390415870021	-3.3007856467454	33.2573791390151	0.5662587453184	0.1539693478658
-4.3330910831026	1.0695546328450	-3.2635364502575	31.4712086059384	1.8906366977814	0.1457000398423
-4.5057567506487	1.0663270516181	-3.4394296990306	38.7513972384115	0.7238955621018	0.1794046168445
-4.4132968669011	1.1731400106597	-3.2401568562414	34.6940869742170	0.4125285904973	0.1606207730288
-4.5317840085227	0.9791866064338	-3.5525974020889	38.8118621448720	0.7391549667521	0.1796845469670
-4.4235218044993	0.9134778462722	-3.5100439582271	39.0179519019773	0.8520621564138	0.1806386662129
-4.4250275021806	0.9550339813535	-3.4699935208271	34.3810825121481	1.1301385873447	0.1591716782970
